-6.492488861083984375e+00
2.339646100997924805e+00
2.329982376098632812e+01
3.204067993164062500e+01
2.868219375610351562e+01
2.557032012939453125e+01
2.998256492614746094e+01
2.355977058410644531e+01
2.028224182128906250e+01
1.532199954986572266e+01
1.452977371215820312e+01
2.235446739196777344e+01
1.971873664855957031e+01
1.211999130249023438e+01
1.681536865234375000e+01
1.669106101989746094e+01
1.353632259368896484e+01
1.138876342773437500e+01
1.892733383178710938e+01
1.681409835815429688e+01
1.379354572296142578e+01
1.277140426635742188e+01
1.143954277038574219e+01
7.766949176788330078e+00
8.023036003112792969e+00
9.260404586791992188e+00
1.037268543243408203e+01
9.592535972595214844e+00
1.123546314239501953e+01
1.125319290161132812e+01
9.997889518737792969e+00
1.082385349273681641e+01
9.762537956237792969e+00
8.508243560791015625e+00
6.365991115570068359e+00
8.675793647766113281e+00
1.208708763122558594e+01
1.153344631195068359e+01
1.101158905029296875e+01
1.142107772827148438e+01
1.064375400543212891e+01
1.098956489562988281e+01
1.210227966308593750e+01
1.203077316284179688e+01
1.094530296325683594e+01
9.752851486206054688e+00
7.958788871765136719e+00
8.759610176086425781e+00
8.158884048461914062e+00
7.534688949584960938e+00
5.493062019348144531e+00
9.371007919311523438e+00
1.080711555480957031e+01
1.168877410888671875e+01
9.950910568237304688e+00
9.707914352416992188e+00
9.702028274536132812e+00
7.887505531311035156e+00
7.574164867401123047e+00
8.127750396728515625e+00
9.747694969177246094e+00
7.323306083679199219e+00
7.204417228698730469e+00
1.070303153991699219e+01
1.102366542816162109e+01
9.469038009643554688e+00
8.927746772766113281e+00
9.685207366943359375e+00
9.558491706848144531e+00
1.277721405029296875e+01
1.106441688537597656e+01
1.197133827209472656e+01
1.145553588867187500e+01
8.421199798583984375e+00
9.402232170104980469e+00
1.133646678924560547e+01
8.580669403076171875e+00
6.636746883392333984e+00
6.975957393646240234e+00
8.705897331237792969e+00
1.002875995635986328e+01
1.073210811614990234e+01
1.230540657043457031e+01
8.705862998962402344e+00
6.667978763580322266e+00
8.246179580688476562e+00
1.044981956481933594e+01
9.026946067810058594e+00
5.806664466857910156e+00
8.108526229858398438e+00
9.056474685668945312e+00
9.300912857055664062e+00
9.041386604309082031e+00
8.644958496093750000e+00
5.336904048919677734e+00
3.148677110671997070e+00
5.355812072753906250e+00
5.981229782104492188e+00
5.390606880187988281e+00
4.285657405853271484e+00
-2.665416598320007324e-01
-9.957002997398376465e-01
1.998560070991516113e+00
5.317660331726074219e+00
4.563682079315185547e+00
1.469752550125122070e+00
1.992858529090881348e+00
2.597724199295043945e+00
2.017885684967041016e+00
4.349836826324462891e+00
-6.733288615942001343e-02
-3.459982872009277344e+00
-2.648253679275512695e+00
-1.361144423484802246e+00
9.787233471870422363e-01
-8.920668959617614746e-01
-7.419278621673583984e-01
-3.864183902740478516e+00
-7.236563682556152344e+00
-1.035781764984130859e+01
-9.810966491699218750e+00
-7.241712093353271484e+00
-9.109734535217285156e+00
-9.141300201416015625e+00
-8.451159477233886719e+00
-1.028840732574462891e+01
-1.417193126678466797e+01
-1.639410400390625000e+01
-1.818970108032226562e+01
-2.106851577758789062e+01
-2.374855804443359375e+01
-2.294143486022949219e+01
-2.163503646850585938e+01
-2.491048812866210938e+01
-2.836727142333984375e+01
-2.840043067932128906e+01
-3.255440521240234375e+01
-3.497816085815429688e+01
-3.187800025939941406e+01
-3.508980941772460938e+01
-3.996989440917968750e+01
-4.461506271362304688e+01
-4.197375106811523438e+01
-4.730095672607421875e+01
-4.971150588989257812e+01
-4.949921798706054688e+01
-5.379098892211914062e+01
-5.264795684814453125e+01
-5.243956756591796875e+01
-5.929848861694335938e+01
-6.288149261474609375e+01
-6.540386199951171875e+01
-6.824929809570312500e+01
-6.713088226318359375e+01
-7.135037994384765625e+01
-7.187157440185546875e+01
-6.861701202392578125e+01
-7.335582733154296875e+01
-8.036759948730468750e+01
-8.045755004882812500e+01
-8.005126190185546875e+01
-7.882595062255859375e+01
-8.056330871582031250e+01
-8.128062438964843750e+01
-7.922620391845703125e+01
-7.928406524658203125e+01
-8.416529846191406250e+01
-8.694578552246093750e+01
-8.249929046630859375e+01
-7.811818695068359375e+01
-7.746052551269531250e+01
-7.710409545898437500e+01
-7.425865173339843750e+01
-7.237966156005859375e+01
-7.594205474853515625e+01
-7.350775909423828125e+01
-6.817414855957031250e+01
-6.159421157836914062e+01
-5.914242172241210938e+01
-5.794359588623046875e+01
-5.180929565429687500e+01
-4.714744567871093750e+01
-4.387950515747070312e+01
-3.947183227539062500e+01
-3.357913208007812500e+01
-2.795879745483398438e+01
-2.484525108337402344e+01
-1.858728027343750000e+01
-1.468365001678466797e+01
-8.422099113464355469e+00
-5.154412746429443359e+00
2.215155363082885742e+00
7.672993183135986328e+00
1.443134880065917969e+01
1.706780433654785156e+01
2.554278564453125000e+01
3.615736770629882812e+01
4.514401245117187500e+01
4.431888198852539062e+01
4.683807754516601562e+01
4.948873519897460938e+01
5.275317001342773438e+01
6.018977737426757812e+01
6.357987594604492188e+01
6.378049087524414062e+01
6.862921905517578125e+01
7.330924224853515625e+01
7.609210205078125000e+01
7.733689880371093750e+01
7.927326965332031250e+01
8.545886230468750000e+01
8.538255310058593750e+01
8.418578338623046875e+01
8.605674743652343750e+01
9.244338989257812500e+01
9.445941925048828125e+01
9.486525726318359375e+01
9.166674804687500000e+01
8.854362487792968750e+01
9.401072692871093750e+01
9.473370361328125000e+01
9.392811584472656250e+01
9.640972137451171875e+01
1.009543457031250000e+02
9.930211639404296875e+01
9.732911682128906250e+01
9.552072906494140625e+01
9.341562652587890625e+01
9.199436950683593750e+01
8.921833038330078125e+01
8.895790863037109375e+01
9.522194671630859375e+01
9.724672698974609375e+01
9.431858062744140625e+01
8.760964202880859375e+01
8.761424255371093750e+01
8.538610839843750000e+01
8.218370819091796875e+01
7.886462402343750000e+01
8.077046966552734375e+01
8.208533477783203125e+01
7.776596069335937500e+01
7.692315673828125000e+01
7.392898559570312500e+01
6.816879272460937500e+01
6.886476898193359375e+01
7.053421783447265625e+01
6.693714141845703125e+01
6.235736846923828125e+01
6.121642684936523438e+01
6.167269897460937500e+01
6.079117202758789062e+01
5.641455078125000000e+01
5.119535064697265625e+01
4.814426803588867188e+01
4.697967910766601562e+01
4.332707977294921875e+01
4.138223648071289062e+01
3.812573623657226562e+01
3.402350234985351562e+01
3.197951889038085938e+01
3.032900428771972656e+01
2.785160255432128906e+01
2.217420768737792969e+01
2.141080284118652344e+01
1.563208580017089844e+01
1.192199516296386719e+01
1.289422798156738281e+01
5.459156036376953125e+00
1.730540633201599121e+00
6.519683003425598145e-01
-1.209931015968322754e+00
-1.421451568603515625e+00
-7.862514495849609375e+00
-1.155613327026367188e+01
-1.388647079467773438e+01
-1.541782474517822266e+01
-1.746636199951171875e+01
-2.188269233703613281e+01
-2.319488906860351562e+01
-2.530173110961914062e+01
-2.557553672790527344e+01
-3.340746307373046875e+01
-3.371718597412109375e+01
-3.615232849121093750e+01
-3.780487823486328125e+01
-3.684037780761718750e+01
-3.699904251098632812e+01
-3.855759429931640625e+01
-4.377597808837890625e+01
-4.623511123657226562e+01
-4.155159759521484375e+01
-4.325926589965820312e+01
-4.568931198120117188e+01
-4.562215805053710938e+01
-4.645433044433593750e+01
-5.319902801513671875e+01
-5.280041503906250000e+01
-4.997606658935546875e+01
-4.732247543334960938e+01
-4.612613296508789062e+01
-4.407686233520507812e+01
-4.786619567871093750e+01
-4.985536575317382812e+01
-4.435582733154296875e+01
-4.137150955200195312e+01
-4.070132827758789062e+01
-3.770206069946289062e+01
-3.711599731445312500e+01
-4.114951705932617188e+01
-3.998287963867187500e+01
-3.450527954101562500e+01
-3.354523086547851562e+01
-2.900121498107910156e+01
-2.848018836975097656e+01
-2.704660415649414062e+01
-2.509204101562500000e+01
-2.592018127441406250e+01
-2.377847480773925781e+01
-2.263920402526855469e+01
-1.997508049011230469e+01
-2.037134933471679688e+01
-1.834718894958496094e+01
-1.708890151977539062e+01
-1.497642230987548828e+01
-1.283027362823486328e+01
-1.441354370117187500e+01
-1.174125671386718750e+01
-1.069663810729980469e+01
-4.654388725757598877e-01
-9.000494956970214844e+00
-6.556900024414062500e+00
-3.547114610671997070e+00
-3.736891269683837891e+00
-5.027291774749755859e+00
-8.936445713043212891e-01
-1.498102784156799316e+00
-7.192213088274002075e-02
6.673136949539184570e-01
4.826986789703369141e+00
2.011622905731201172e+00
3.044187068939208984e+00
5.633571147918701172e+00
6.836895942687988281e+00
5.537944316864013672e+00
4.441414356231689453e+00
4.151964187622070312e+00
6.538954734802246094e+00
8.665855407714843750e+00
6.722172737121582031e+00
7.961233139038085938e+00
1.250936222076416016e+01
1.312876605987548828e+01
9.742295265197753906e+00
7.867866516113281250e+00
1.117594528198242188e+01
1.233969974517822266e+01
1.142085647583007812e+01
1.210022068023681641e+01
7.614163875579833984e+00
4.524887561798095703e+00
9.300421714782714844e+00
1.153943347930908203e+01
1.148995494842529297e+01
1.306559181213378906e+01
1.183165168762207031e+01
1.393578624725341797e+01
1.398046875000000000e+01
1.469437789916992188e+01
1.166389465332031250e+01
1.221071815490722656e+01
1.594394207000732422e+01
1.589650440216064453e+01
1.394908714294433594e+01
1.035735797882080078e+01
1.301800537109375000e+01
1.345826911926269531e+01
1.207458591461181641e+01
9.609722137451171875e+00
1.099225902557373047e+01
1.395847702026367188e+01
1.184523582458496094e+01
1.058647632598876953e+01
1.230503940582275391e+01
1.041756153106689453e+01
1.248566913604736328e+01
1.346640968322753906e+01
1.384920215606689453e+01
1.143669319152832031e+01
1.189546585083007812e+01
1.025127792358398438e+01
1.154788589477539062e+01
1.134434890747070312e+01
1.025702190399169922e+01
1.125300312042236328e+01
1.128967761993408203e+01
1.028000354766845703e+01
1.306332683563232422e+01
1.154522514343261719e+01
9.698799133300781250e+00
1.164641284942626953e+01
1.227733612060546875e+01
1.298123550415039062e+01
1.228000736236572266e+01
9.286581993103027344e+00
8.978096008300781250e+00
9.347807884216308594e+00
1.094809246063232422e+01
1.057023620605468750e+01
1.058220291137695312e+01
1.044978618621826172e+01
7.811633110046386719e+00
7.984938144683837891e+00
7.438450813293457031e+00
7.872723579406738281e+00
8.091833114624023438e+00
7.874396800994873047e+00
7.553828716278076172e+00
1.126293277740478516e+01
8.042572975158691406e+00
9.696318626403808594e+00
7.486415863037109375e+00
8.396492004394531250e+00
8.122084617614746094e+00
7.792081832885742188e+00
7.275989532470703125e+00
8.714024543762207031e+00
1.084740447998046875e+01
8.150122642517089844e+00
4.171411514282226562e+00
4.455165863037109375e+00
8.525446891784667969e+00
8.026940345764160156e+00
8.537488937377929688e+00
6.805394649505615234e+00
6.513779640197753906e+00
6.022902488708496094e+00
4.401493072509765625e+00
8.093977928161621094e+00
6.495458602905273438e+00
5.032346248626708984e+00
5.852285385131835938e+00
7.813264846801757812e+00
2.005973100662231445e+00
2.511263370513916016e+00
4.063841819763183594e+00
2.983927726745605469e+00
2.696828365325927734e+00
2.403406143188476562e+00
4.324414253234863281e+00
4.621770858764648438e+00
6.179489612579345703e+00
-8.393405079841613770e-01
1.069437742233276367e+00
8.089632034301757812e+00
3.273099899291992188e+00
3.305530309677124023e+00
1.193597602844238281e+01
-9.643125534057617188e-01
1.227037787437438965e+00
4.484163284301757812e+00
-4.637373611330986023e-02
-4.473241329193115234e+00
-8.346757888793945312e+00
0.000000000000000000e+00
0.000000000000000000e+00
0.000000000000000000e+00
0.000000000000000000e+00
0.000000000000000000e+00
0.000000000000000000e+00
0.000000000000000000e+00
0.000000000000000000e+00
0.000000000000000000e+00
0.000000000000000000e+00
0.000000000000000000e+00
0.000000000000000000e+00
0.000000000000000000e+00
0.000000000000000000e+00
0.000000000000000000e+00
0.000000000000000000e+00
0.000000000000000000e+00
0.000000000000000000e+00
0.000000000000000000e+00
0.000000000000000000e+00
0.000000000000000000e+00
0.000000000000000000e+00
0.000000000000000000e+00
0.000000000000000000e+00
0.000000000000000000e+00
0.000000000000000000e+00
0.000000000000000000e+00
0.000000000000000000e+00
0.000000000000000000e+00
0.000000000000000000e+00
0.000000000000000000e+00
0.000000000000000000e+00
0.000000000000000000e+00
0.000000000000000000e+00
0.000000000000000000e+00
0.000000000000000000e+00
0.000000000000000000e+00
0.000000000000000000e+00
0.000000000000000000e+00
0.000000000000000000e+00
0.000000000000000000e+00
0.000000000000000000e+00
0.000000000000000000e+00
0.000000000000000000e+00
0.000000000000000000e+00
0.000000000000000000e+00
0.000000000000000000e+00
0.000000000000000000e+00
