9.941764781281750007e-01
9.936128641878696488e-01
9.930235300797661813e-01
9.924085468769314744e-01
9.917679886640982101e-01
9.911019325183231254e-01
9.904104570089194981e-01
9.896936480433445871e-01
9.889515901254568586e-01
9.881843720932634856e-01
9.873920856692688375e-01
9.865748236928845172e-01
9.857326870193027224e-01
9.848657741879366379e-01
9.839741882151528118e-01
9.830580348763471310e-01
9.821174226788492723e-01
9.811524628341858900e-01
9.801632692297130856e-01
9.791499540896226872e-01
9.781126450847720255e-01
9.770514597448227700e-01
9.759665223646294407e-01
9.748579597640278926e-01
9.737259012559495996e-01
9.725704786139971469e-01
9.713918260394899251e-01
9.701900801279963460e-01
9.689653798353660141e-01
9.677178664432749544e-01
9.664476781375966885e-01
9.651549714254529233e-01
9.638398890629124027e-01
9.625025812811836001e-01
9.611432004582266542e-01
9.597619010816814678e-01
9.583588397114068957e-01
9.569341749416528931e-01
9.554880673628760590e-01
9.540206795232133441e-01
9.525321758896329039e-01
9.510227164199387406e-01
9.494924819916572556e-01
9.479416362910071392e-01
9.463703510658147966e-01
9.447787997841431418e-01
9.431671575938087582e-01
9.415356012816847864e-01
9.398843092327985316e-01
9.382134613892426644e-01
9.365232392089146707e-01
9.348138183984416871e-01
9.330854049999114386e-01
9.313381557087173634e-01
9.295722870077914868e-01
9.277879576195652289e-01
9.259853872233655414e-01
9.241647364134609743e-01
9.223262123535574952e-01
9.204700239476376611e-01
9.185963343061359643e-01
9.167053703069378834e-01
9.147972965435037240e-01
9.128723424553204513e-01
9.109306739636173766e-01
9.089725228878948737e-01
9.069980563223736247e-01
9.050075082853246133e-01
9.030010468898780340e-01
9.009788911066737294e-01
8.989412611117868490e-01
8.968883262598468242e-01
8.948203252774757921e-01
8.927374281574136372e-01
8.906398751967522509e-01
8.885278368763093182e-01
8.864015548867809624e-01
8.842612000486280710e-01
8.821070152708518908e-01
8.799391715669034886e-01
8.777578944966065722e-01
8.755634103035803140e-01
8.733558900201178199e-01
8.711355788461676575e-01
8.689026476493264539e-01
8.666573422495288392e-01
8.643998332106174187e-01
8.621303668066889747e-01
8.598491131613028582e-01
8.575562995157195445e-01
8.552521533906858320e-01
8.529368439992399686e-01
8.506106180428577579e-01
8.482736439649901650e-01
8.459261683624069716e-01
8.435683587824052143e-01
8.412004615641509586e-01
8.388226432353526052e-01
8.364351497279438608e-01
8.340381464298511904e-01
8.316318584513409107e-01
8.292165107283150371e-01
8.267922667210070298e-01
8.243593707112116808e-01
8.219179847337425571e-01
8.194683521669493542e-01
8.170106335121449792e-01
8.145450711107516950e-01
8.120718238261465105e-01
8.095911328332002777e-01
8.071031552566302336e-01
8.046081099739788023e-01
8.021062152896188957e-01
7.995976255396847199e-01
7.970825784415578319e-01
7.945612263575192458e-01
7.920338054161473185e-01
7.895004659185587137e-01
7.869614422931137110e-01
7.844168826963697772e-01
7.818670197492422203e-01
7.793119993842779758e-01
7.767520307699172788e-01
7.741873005839990940e-01
7.716180376455175072e-01
7.690443400146997899e-01
7.664664341806285419e-01
7.638845023131034528e-01
7.612987689149735004e-01
7.587093268288170878e-01
7.561163980881472346e-01
7.535201600513712350e-01
7.509208325618684787e-01
7.483185030544010630e-01
7.457133887796977278e-01
7.431056620142773017e-01
7.404954937257393066e-01
7.378830975023067396e-01
7.352685537972988294e-01
7.326520734745238794e-01
7.300338221272887340e-01
7.274140080362264671e-01
7.247927059280445672e-01
7.221701212711112428e-01
7.195464140864428204e-01
7.169217429747094528e-01
7.142963092571646966e-01
7.116701803723165520e-01
7.090435547406671590e-01
7.064165851867998391e-01
7.037894672439992672e-01
7.011622624498483614e-01
6.985351633825789275e-01
6.959083169614961317e-01
6.932818686128084940e-01
6.906560064106233021e-01
6.880307844716019305e-01
6.854063878666366572e-01
6.827829559957075967e-01
6.801606708228985498e-01
6.775395805227694135e-01
6.749198640326817822e-01
6.723016546605808941e-01
6.696851281648898979e-01
6.670703267988401519e-01
6.644574232832570759e-01
6.618465447943250313e-01
6.592378169719971259e-01
6.566314077247037417e-01
6.540273519667395563e-01
6.514258145720238646e-01
6.488269150336078983e-01
6.462308149370130650e-01
6.436375434004909524e-01
6.410472589899577356e-01
6.384600750652534851e-01
6.358761034575759474e-01
6.332954978346574393e-01
6.307182801943128636e-01
6.281446012175866400e-01
6.255745666493086610e-01
6.230083238388817168e-01
6.204458892081964327e-01
6.178874071567764803e-01
6.153329774024256515e-01
6.127827410127055785e-01
6.102367089572562353e-01
6.076950193990235949e-01
6.051577661058493707e-01
6.026250413720456445e-01
6.000969784928674722e-01
5.975735818172849267e-01
5.950549818032072613e-01
5.925412649138229737e-01
5.900325583114229833e-01
5.875288612187689052e-01
5.850302980222291671e-01
5.825369494650350921e-01
5.800488948793069977e-01
5.775662538923919120e-01
5.750890195490871992e-01
5.726173087858555943e-01
5.701511953714210046e-01
5.676907930267569569e-01
5.652360900486975703e-01
5.627871975410722039e-01
5.603441838467194680e-01
5.579071569012872267e-01
5.554761004342312347e-01
5.530511198420983154e-01
5.506322781886955342e-01
5.482196372419730901e-01
5.458132978918869282e-01
5.434132384212667644e-01
5.410195572835432287e-01
5.386323111622377535e-01
5.362515954703180876e-01
5.338773843486924742e-01
5.315097708590935666e-01
5.291488067635307102e-01
5.267945426197085945e-01
5.244470672058678673e-01
5.221063497596654113e-01
5.197724768177647281e-01
5.174454942270257929e-01
5.151254856343608912e-01
5.128124165763079390e-01
5.105063685476756152e-01
5.082073828572295504e-01
5.059155381824768094e-01
5.036307965564462696e-01
5.013532345950035829e-01
4.990828892441546150e-01
4.968197963868141720e-01
4.945640287217035747e-01
4.923155441797938403e-01
4.900744135118982880e-01
4.878406684594798204e-01
4.856143771275235888e-01
4.833954943856793585e-01
4.811840864820011165e-01
4.789801811941574172e-01
4.767838053365999196e-01
4.745950215109605574e-01
4.724137810321524800e-01
4.702401447579356852e-01
4.680741357604673025e-01
4.659158124302492654e-01
4.637651234524237109e-01
4.616221255631081655e-01
4.594868382680193930e-01
4.573592802085273412e-01
4.552395047499216418e-01
4.531274575518245418e-01
4.510231904352928756e-01
4.489267186923289743e-01
4.468380918575589056e-01
4.447572533745152157e-01
4.426842513200144880e-01
4.406190978074637221e-01
4.385618387072898750e-01
4.365124154235826004e-01
4.344708381932744223e-01
4.324372530275005233e-01
4.304114971326786776e-01
4.283936466883200844e-01
4.263837086466530368e-01
4.243816892633920368e-01
4.223875941077550045e-01
4.204014280724180930e-01
4.184231953834045004e-01
4.164529657338066349e-01
4.144906095308972804e-01
4.125361954502835826e-01
4.105897251489458721e-01
4.086511996656420620e-01
4.067206194303855105e-01
4.047979842738495537e-01
4.028832934367015950e-01
4.009765455788622535e-01
3.990778025085417458e-01
3.971869340450405184e-01
3.953040011477321758e-01
3.934290002446849122e-01
3.915619272284021624e-01
3.897027774646308340e-01
3.878515458010940997e-01
3.860082265761454190e-01
3.841728136273468430e-01
3.823453616230998997e-01
3.805257405132533854e-01
3.787140042723574074e-01
3.769101448190335102e-01
3.751141536128237974e-01
3.733260216622990013e-01
3.715457395330852841e-01
3.697732973558129910e-01
3.680086848339864658e-01
3.662519501981342795e-01
3.645029641657088759e-01
3.627617744143864509e-01
3.610283690162909287e-01
3.593027356545809847e-01
3.575848616308437422e-01
3.558747338724115306e-01
3.541723389395995958e-01
3.524776630328653182e-01
3.507907486002031505e-01
3.491114676845267772e-01
3.474398623080769410e-01
3.457759173019203658e-01
3.441196171718917118e-01
3.424709461052872217e-01
3.408298879774798174e-01
3.391964263584603123e-01
3.375705990674295887e-01
3.359522797326371935e-01
3.343415058491527314e-01
3.327382598293260330e-01
3.311425238116876835e-01
3.295542796670384300e-01
3.279735090044628154e-01
3.264001931772709808e-01
3.248343132888660278e-01
3.232759024822693394e-01
3.217248365624933437e-01
3.201811484505311944e-01
3.186448183074017115e-01
3.171158260724766254e-01
3.155941514689204475e-01
3.140797740090587875e-01
3.125726729996790021e-01
3.110728275472611770e-01
3.095802666354738331e-01
3.080948685987319746e-01
3.066166622885638793e-01
3.051456260611794535e-01
3.036817380976221115e-01
3.022249764085977453e-01
3.007753188392381927e-01
2.993327430738004780e-01
2.978972266403007163e-01
2.964687948341457324e-01
2.950473288109217718e-01
2.936328538124122201e-01
2.922253467867601540e-01
2.908247845480975702e-01
2.894311437808073650e-01
2.880444010437239744e-01
2.866645327742737837e-01
2.852915152925574183e-01
2.839253706332993676e-01
2.825659830097321801e-01
2.812133744709914840e-01
2.798675209075269787e-01
2.785283981119996422e-01
2.771959817830206840e-01
2.758702475288315470e-01
2.745511708709332810e-01
2.732387272476574647e-01
2.719329358196623803e-01
2.706336840445126013e-01
2.693409911557260172e-01
2.680548322936203709e-01
2.667751825324121140e-01
2.655020168834731353e-01
2.642353102985389168e-01
2.629750376728657302e-01
2.617212159059735255e-01
2.604737354599166443e-01
2.592326133516923981e-01
2.579978242812283051e-01
2.567693429070248556e-01
2.555471438490232727e-01
2.543312016914267004e-01
2.531214909854750394e-01
2.519179862521750968e-01
2.507207021451437479e-01
2.495295326060636976e-01
2.483444924487409611e-01
2.471655560996546819e-01
2.459926979680351622e-01
2.448258924483303345e-01
2.436651139226317653e-01
2.425103367630581375e-01
2.413615353340980429e-01
2.402187223271224081e-01
2.390817952350087483e-01
2.379507669448777951e-01
2.368256118133202914e-01
2.357063042004111653e-01
2.345928184718151510e-01
2.334851290008556624e-01
2.323832101705450848e-01
2.312870363755790415e-01
2.301966185983682633e-01
2.291118579236179342e-01
2.280327655586520674e-01
2.269593159641141167e-01
2.258914836217614797e-01
2.248292430362470173e-01
2.237725687368661287e-01
2.227214352792707686e-01
2.216758172471506028e-01
2.206357241394276414e-01
2.196010606463423553e-01
2.185718365151957943e-01
2.175480264579856549e-01
2.165296052226687584e-01
2.155165475946511366e-01
2.145088283982487798e-01
2.135064224981176872e-01
2.125093382432356182e-01
2.115174835213801396e-01
2.105308669465062732e-01
2.095494635583466658e-01
2.085732484436896572e-01
2.076021967376383282e-01
2.066362836248413493e-01
2.056754843406977118e-01
2.047197741725342301e-01
2.037691603443286814e-01
2.028235543144805975e-01
2.018829635863697569e-01
2.009473636662890694e-01
2.000167301179612001e-01
1.990910385635627777e-01
1.981702646847265659e-01
1.972543842235175982e-01
1.963433729833878039e-01
1.954372372215946452e-01
1.945358919224345617e-01
1.936393436330225426e-01
1.927475684114297871e-01
1.918605423815398503e-01
1.909782417338677929e-01
1.901006427263570164e-01
1.892277216851565580e-01
1.883594550053770134e-01
1.874958481166952018e-01
1.866368194700465388e-01
1.857823747919556401e-01
1.849324907605291723e-01
1.840871441263128849e-01
1.832463117129297103e-01
1.824099704176981307e-01
1.815780972122324477e-01
1.807506691430254830e-01
1.799276909340690733e-01
1.791090844316108321e-01
1.782948546604758155e-01
1.774849789721345272e-01
1.766794347955832345e-01
1.758781996378227797e-01
1.750812510843210990e-01
1.742885667994598098e-01
1.735001245269646997e-01
1.727159283915598309e-01
1.719359035536185687e-01
1.711600544400978807e-01
1.703883591160958444e-01
1.696207957279788625e-01
1.688573425037227793e-01
1.680979777532397024e-01
1.673426798686907524e-01
1.665914525202354390e-01
1.658442237395607310e-01
1.651009974984402329e-01
1.643617525208874997e-01
1.636264676145292030e-01
1.628951216708389438e-01
1.621676936653600187e-01
1.614441626579140310e-01
1.607245077927997867e-01
1.600087323053943078e-01
1.592967673680597274e-01
1.585886165153091443e-01
1.578842592310932547e-01
1.571836750846568320e-01
1.564868437306700111e-01
1.557937449093478310e-01
1.551043584465605363e-01
1.544186642539329690e-01
1.537366652025424496e-01
1.530582955060771633e-01
1.523835583306861752e-01
1.517124339318098591e-01
1.510449026509951553e-01
1.503809449159385081e-01
1.497205412405200331e-01
1.490636722248281920e-01
1.484103185551761961e-01
1.477604827990438019e-01
1.471141021087397915e-01
1.464711793414441854e-01
1.458316955283664729e-01
1.451956317869013691e-01
1.445629693205968125e-01
1.439336894191155791e-01
1.433077734581889862e-01
1.426852028995642119e-01
1.420659800592230237e-01
1.414500449232440060e-01
1.408374000908792778e-01
1.402280273672662225e-01
1.396219086431904344e-01
1.390190258949926816e-01
1.384193611844702354e-01
1.378228966587710935e-01
1.372296344479492503e-01
1.366395169680602317e-01
1.360525466260016081e-01
