7.977949679657247550e+00
7.975831825766015903e+00
7.973616518718203316e+00
7.971303917144307860e+00
7.968894186526460643e+00
7.966387499171743158e+00
7.963784028610968235e+00
7.961083971660836589e+00
7.958287515562185277e+00
7.955394859633598159e+00
7.952406209869176124e+00
7.949321772322251789e+00
7.946141779203759192e+00
7.942866449949931962e+00
7.939496016916471000e+00
7.936030718959294461e+00
7.932470801396475757e+00
7.928816515969193901e+00
7.925068120801735283e+00
7.921225864012670037e+00
7.917290048671593361e+00
7.913260935848627220e+00
7.909138808781435159e+00
7.904923956876626079e+00
7.900616675664153377e+00
7.896217266750853447e+00
7.891726037773103997e+00
7.887143302348621710e+00
7.882469380027399275e+00
7.877704596241816404e+00
7.872849261656631903e+00
7.867903754136191807e+00
7.862868396233077206e+00
7.857743536394012906e+00
7.852529528686550186e+00
7.847226732744427835e+00
7.841835513712193340e+00
7.836356242189100207e+00
7.830789294172288528e+00
7.825135050999267428e+00
7.819393899289712735e+00
7.813566206208511389e+00
7.807652417757435792e+00
7.801652911731626894e+00
7.795568095284299837e+00
7.789398380550106360e+00
7.783144184583142611e+00
7.776805929294393849e+00
7.770384041388605389e+00
7.763878952300612646e+00
7.757291098131136486e+00
7.750620891371349686e+00
7.743868861891326283e+00
7.737035345871687397e+00
7.730120912321375215e+00
7.723125903431988348e+00
7.716050899535750851e+00
7.708896248597928214e+00
7.701662480827319079e+00
7.694350133160172689e+00
7.686959561771470995e+00
7.679491373977092472e+00
7.671945931121137541e+00
7.664323850773955726e+00
7.656625499203085994e+00
7.648851503920722550e+00
7.641002235870312020e+00
7.633078332190550874e+00
7.625080168251678892e+00
7.617008322332555537e+00
7.608863378485454021e+00
7.600645718250837568e+00
7.592356001438812285e+00
7.583994613388464145e+00
7.575562222415444857e+00
7.567059217404682236e+00
7.558486274853330578e+00
7.549843786938879475e+00
7.541132438014781947e+00
7.532352623297537519e+00
7.523504960004521180e+00
7.514590070136526911e+00
7.505608352993194288e+00
7.496560511140800465e+00
7.487446946284522120e+00
7.478268367703519104e+00
7.469025179255869951e+00
7.459718096606562376e+00
7.450347525514730229e+00
7.440914108134791149e+00
7.431418490585062209e+00
7.421861081006291272e+00
7.412242609599917209e+00
7.402563485782967412e+00
7.392824445002246669e+00
7.383025897703659801e+00
7.373168584255780367e+00
7.363252915887740890e+00
7.353279637567763594e+00
7.343249161064501429e+00
7.333162150587537731e+00
7.323019273317071587e+00
7.312820941378848083e+00
7.302567909842634819e+00
7.292260590774271911e+00
7.281899742730632674e+00
7.271485777482312507e+00
7.261019456760604562e+00
7.250501191808333523e+00
7.239931747221255876e+00
7.229311533484863439e+00
7.218641227837777841e+00
7.207921509525397674e+00
7.197152787473756419e+00
7.186335832103292631e+00
7.175471051022970670e+00
7.164559216457090152e+00
7.153600734479730328e+00
7.142596378823747649e+00
7.131546553814205325e+00
7.120452034401008490e+00
7.109313222949909417e+00
7.098130801147610747e+00
7.086905357220367740e+00
7.075637668771237010e+00
7.064327944169460416e+00
7.052976959259249945e+00
7.041585300167347405e+00
7.030153744896510126e+00
7.018682493735288297e+00
7.007172322500861306e+00
6.995623814288227216e+00
6.984037746419436310e+00
6.972414310502835555e+00
6.960754281266337884e+00
6.949058237877722810e+00
6.937326758387509784e+00
6.925560617805889940e+00
6.913759996102517569e+00
6.901925665209557081e+00
6.890058198185287530e+00
6.878158367070798640e+00
6.866226341939247746e+00
6.854262891388862577e+00
6.842268582678964428e+00
6.830243981497938321e+00
6.818189854845173592e+00
6.806106359753806068e+00
6.793994259353105747e+00
6.781854112582768046e+00
6.769686681397886652e+00
6.757492111911498789e+00
6.745271161890332934e+00
6.733024382813751707e+00
6.720752324189924742e+00
6.708455740478725282e+00
6.696134763597614281e+00
6.683790143450281995e+00
6.671422421256391289e+00
6.659032344583783569e+00
6.646620033605523226e+00
6.634186231063250894e+00
6.621731469275309756e+00
6.609256488171673993e+00
6.596761395879255474e+00
6.584246927253472492e+00
6.571713605143011172e+00
6.559161949945555570e+00
6.546592691066579484e+00
6.534005921211233137e+00
6.521402364430405107e+00
6.508782531004352556e+00
6.496147141194718699e+00
6.483496275125805397e+00
6.470830647504842936e+00
6.458150758026387273e+00
6.445457103670550580e+00
6.432750392441097809e+00
6.420030688495328874e+00
6.407298694062743216e+00
6.394554895014195495e+00
6.381799988941699198e+00
6.369034027082324911e+00
6.356257701101474034e+00
6.343471485390695719e+00
6.330676066642124233e+00
6.317871483082288186e+00
6.305058415344892531e+00
6.292237326014700649e+00
6.279408674678509605e+00
6.266573133786437211e+00
6.253730725229385889e+00
6.240882115262409435e+00
6.228027751314700211e+00
6.215168294003359684e+00
6.202303752135044590e+00
6.189434780044362761e+00
6.176561812767801918e+00
6.163685282211551986e+00
6.150805833723432592e+00
6.137923459789618619e+00
6.125038799392483746e+00
6.112152271806685633e+00
6.099264509833590253e+00
6.086375492969526846e+00
6.073485847604336740e+00
6.060595980232538871e+00
6.047706510858991358e+00
6.034817406082031432e+00
6.021929279466163187e+00
6.009042524613416703e+00
5.996157531889231507e+00
5.983274905010946831e+00
5.970394594626987406e+00
5.957517198001461622e+00
5.944643092515554450e+00
5.931772868669039411e+00
5.918906464521204391e+00
5.906044464125821847e+00
5.893187231843501017e+00
5.880335128777701925e+00
5.867488728730685388e+00
5.854647954279823985e+00
5.841813372811051508e+00
5.828985332405518527e+00
5.816164393408602251e+00
5.803350466244018513e+00
5.790544104880019027e+00
5.777745644406999226e+00
5.764955631660559909e+00
5.752173965140009670e+00
5.739401185355875512e+00
5.726637614466770110e+00
5.713883571410610429e+00
5.701139586107657031e+00
5.688405542503796930e+00
5.675681964276045655e+00
5.662969157540212350e+00
5.650267638696587547e+00
5.637577280351590225e+00
5.624898592740083636e+00
5.612231869270177143e+00
5.599577400193516574e+00
5.586935685069350122e+00
5.574306582734791071e+00
5.561690586694987282e+00
5.549087974667401113e+00
5.536499232815574878e+00
5.523924209302245814e+00
5.511363384336127602e+00
5.498817023261643122e+00
5.486285388357262427e+00
5.473768949175391363e+00
5.461267540982071012e+00
5.448781627510370207e+00
5.436311458892294723e+00
5.423857491523369490e+00
5.411419550721970673e+00
5.398998087180821415e+00
5.386593339084828180e+00
5.374205749810454513e+00
5.361835135066517211e+00
5.349481725089645145e+00
5.337146576272683518e+00
5.324828874663704248e+00
5.312529256051664817e+00
5.300247938236062772e+00
5.287985136161547750e+00
5.275741061932783360e+00
5.263515924829479609e+00
5.251309931321580748e+00
5.239123694571296674e+00
5.226956595841097730e+00
5.214809243405022166e+00
5.202681832648837990e+00
5.190574556226636993e+00
5.178487604076828177e+00
5.166421163438278619e+00
5.154375418866544045e+00
5.142350552250219309e+00
5.130347146137140157e+00
5.118364569794935370e+00
5.106403401231347949e+00
5.094463811832677713e+00
5.082545970401451285e+00
5.070650043173304589e+00
5.058776193833961266e+00
5.046924583536255504e+00
5.035095370917242796e+00
5.023289108770391032e+00
5.011505156676483885e+00
4.999744063244571102e+00
4.988005977220804077e+00
4.976291044921870466e+00
4.964599410252397149e+00
4.952931214722384290e+00
4.941286597464666919e+00
4.929665695252409385e+00
4.918069032101457516e+00
4.906495960139886314e+00
4.894946999556180955e+00
4.883422277860238303e+00
4.871921920290034791e+00
4.860446049829188375e+00
4.848994787224546243e+00
4.837568251003765418e+00
4.826166557492880926e+00
4.814790202991501289e+00
4.803438534314996566e+00
4.792112044288735717e+00
4.780810840607887080e+00
4.769535028853689518e+00
4.758284712510928216e+00
4.747059992985391830e+00
4.735860969621300320e+00
4.724688115018877532e+00
4.713540772978805471e+00
4.702419412934062848e+00
4.691324126156236396e+00
4.680255001941941551e+00
4.669212127630023801e+00
4.658195588618714744e+00
4.647205468382732185e+00
4.636241848490332274e+00
4.625305175964842697e+00
4.614394793025751618e+00
4.603511143863464383e+00
4.592654302589907367e+00
4.581824341494983521e+00
4.571021331063272797e+00
4.560245339990677493e+00
4.549496435200999223e+00
4.538774681862446592e+00
4.528080502583234690e+00
4.517413239793024893e+00
4.506773313587045138e+00
4.496160782274857937e+00
4.485575702491901851e+00
4.475018129215560414e+00
4.464488115781157340e+00
4.453985713897863796e+00
4.443510973664531960e+00
4.433064294433207486e+00
4.422645020499578195e+00
4.412253549006162068e+00
4.401889923767273949e+00
4.391554187064824255e+00
4.381246379663648050e+00
4.370966540826749736e+00
4.360714708330452716e+00
4.350490918479461122e+00
4.340295548512218993e+00
4.330127946108393466e+00
4.319988486582504450e+00
4.309877200501658123e+00
4.299794117035294683e+00
4.289739263969709171e+00
4.279712667722464836e+00
4.269714353356730996e+00
4.259744344595513432e+00
4.249802997679486438e+00
4.239889665052582579e+00
4.230004701298489600e+00
4.220148124920036103e+00
4.210319953149629590e+00
4.200520201962917533e+00
4.190748886092355185e+00
4.181006019040673038e+00
4.171291939292990136e+00
4.161606004577482310e+00
4.151948551943623222e+00
4.142319590108046512e+00
4.132719126623558559e+00
4.123147167892024179e+00
4.113603719177167051e+00
4.104088784617260011e+00
4.094602367237731855e+00
4.085144786535670924e+00
4.075715407245129818e+00
4.066314547658739009e+00
4.056942206474641210e+00
4.047598381339692075e+00
4.038283068861476366e+00
4.028996264620243295e+00
4.019737963180742391e+00
4.010508158103955445e+00
4.001307150902984944e+00
3.992134314320056721e+00
3.982989948876521247e+00
3.973874044233851599e+00
3.964786589107045511e+00
3.955727571275802656e+00
3.946696977595610889e+00
3.937694794008742338e+00
3.928721005555152246e+00
3.919775896723799224e+00
3.910858849147862859e+00
3.901970146519463611e+00
3.893109770376544265e+00
3.884277701407893080e+00
3.875473919463504391e+00
3.866698403564855280e+00
3.857951131915095200e+00
3.849232081909144565e+00
3.840541521927047786e+00
3.831878843263525347e+00
3.823244313679773132e+00
3.814637907437108399e+00
3.806059598037841329e+00
3.797509358234856247e+00
3.788987160041122237e+00
3.780492974739117162e+00
3.772027057122623095e+00
3.763588807636657485e+00
3.755178480600949165e+00
3.746796044468631681e+00
3.738441467008239094e+00
3.730114715312651708e+00
3.721815755807952542e+00
3.713544554262215858e+00
3.705301075794207311e+00
3.697085560698661677e+00
3.688897420258999471e+00
3.680736894444680107e+00
3.672603945862792596e+00
3.664498536513512317e+00
3.656420627798345091e+00
3.648370180528317963e+00
3.640347154932079388e+00
3.632351510663944349e+00
3.624383474311862141e+00
3.616442468487962802e+00
3.608528719589795042e+00
3.600642185053287037e+00
3.592782821779151536e+00
3.584950586140509987e+00
3.577145433990434054e+00
3.569367320669435628e+00
3.561616201012884897e+00
3.553892288655300824e+00
3.546195017945972694e+00
3.538524602451076806e+00
3.530880995058276017e+00
3.523264148186188827e+00
3.515674013791430408e+00
3.508110543375570156e+00
3.500573687992044380e+00
3.493063398252999718e+00
3.485579875556207075e+00
3.478122566322115805e+00
3.470691671990445482e+00
3.463287141475431152e+00
3.455908923283341760e+00
3.448556965518964734e+00
3.441231215892041728e+00
3.433931621723637750e+00
3.426658129952464993e+00
3.419410930421787231e+00
3.412189481889774445e+00
3.404993974341155916e+00
3.397824353247295814e+00
3.390680563727967556e+00
3.383562550557334792e+00
3.376470258169896876e+00
3.369403630666368166e+00
3.362362848165944218e+00
3.355347380568050486e+00
3.348357408213511466e+00
3.341392873925741913e+00
3.334453720223032658e+00
3.327539889324124811e+00
3.320651323153753776e+00
3.313787963348113319e+00
3.306949751260308101e+00
3.300136856657226225e+00
3.293348762118199158e+00
3.286585637713371977e+00
3.279847423716868882e+00
3.273134060146178470e+00
3.266445486767316719e+00
3.259781643099926018e+00
3.253142468422345779e+00
3.246527901776630198e+00
3.239938103171600137e+00
3.233372567973098466e+00
3.226831456566513712e+00
3.220314707098081097e+00
3.213822257502186641e+00
3.207354045506131346e+00
3.200910008634852755e+00
3.194490084215595882e+00
3.188094209382547728e+00
3.181722534953596693e+00
3.175374569142807690e+00
3.169050463210329127e+00
3.162750153563665290e+00
3.156473576439833284e+00
3.150220667909752859e+00
3.143991363882603363e+00
3.137785600110139406e+00
3.131603312190971433e+00
3.125444642293465414e+00
3.119309111501275655e+00
3.113196862483723404e+00
3.107107830268854620e+00
3.101041949752392668e+00
3.094999155701794180e+00
3.088979382760260517e+00
3.082982565450716361e+00
3.077008838687703030e+00
3.071057734983090537e+00
3.065129389799100768e+00
