1.569917480468750000e+03
1.578786376953125000e+03
1.571252197265625000e+03
1.571203369140625000e+03
1.577741699218750000e+03
1.578903808593750000e+03
1.581668823242187500e+03
1.586734008789062500e+03
1.577902465820312500e+03
1.574268310546875000e+03
1.571015869140625000e+03
1.574109985351562500e+03
1.590384033203125000e+03
1.599599609375000000e+03
1.605119506835937500e+03
1.612832275390625000e+03
1.619171997070312500e+03
1.629029174804687500e+03
1.633127441406250000e+03
1.636626953125000000e+03
1.638932373046875000e+03
1.641390991210937500e+03
1.642842163085937500e+03
1.636006469726562500e+03
1.638229492187500000e+03
1.638449462890625000e+03
1.633363037109375000e+03
1.630469726562500000e+03
1.624685058593750000e+03
1.622414672851562500e+03
1.618326171875000000e+03
1.612605224609375000e+03
1.607328857421875000e+03
1.599598632812500000e+03
1.594202392578125000e+03
1.584063842773437500e+03
1.570720947265625000e+03
1.557884887695312500e+03
1.549968017578125000e+03
1.532045166015625000e+03
1.521419311523437500e+03
1.514129150390625000e+03
1.503564697265625000e+03
1.493016845703125000e+03
1.485540893554687500e+03
1.481144165039062500e+03
1.468165893554687500e+03
1.457555541992187500e+03
1.452151977539062500e+03
1.449135620117187500e+03
1.445234130859375000e+03
1.440556518554687500e+03
1.436546020507812500e+03
1.432108642578125000e+03
1.428409057617187500e+03
1.424706542968750000e+03
1.418691528320312500e+03
1.412334106445312500e+03
1.408430297851562500e+03
1.404536865234375000e+03
1.399405517578125000e+03
1.392431030273437500e+03
1.387867065429687500e+03
1.382784301757812500e+03
1.377588989257812500e+03
1.372159423828125000e+03
1.365769531250000000e+03
1.359148803710937500e+03
1.353784912109375000e+03
1.349483642578125000e+03
1.342828979492187500e+03
1.335598388671875000e+03
1.329974609375000000e+03
1.324980102539062500e+03
1.318475219726562500e+03
1.312630493164062500e+03
1.305985717773437500e+03
1.299586059570312500e+03
1.293834472656250000e+03
1.289656738281250000e+03
1.282715454101562500e+03
1.276097045898437500e+03
1.271031616210937500e+03
1.266464477539062500e+03
1.260748291015625000e+03
1.254315063476562500e+03
1.248698364257812500e+03
1.242644042968750000e+03
1.237089965820312500e+03
1.232197875976562500e+03
1.225308959960937500e+03
1.217955688476562500e+03
1.212704589843750000e+03
1.207660156250000000e+03
1.200836425781250000e+03
1.193379272460937500e+03
1.187264404296875000e+03
1.180954467773437500e+03
1.175268188476562500e+03
1.168118896484375000e+03
1.160490966796875000e+03
1.152851074218750000e+03
1.146833618164062500e+03
1.140587036132812500e+03
1.130760375976562500e+03
1.122028808593750000e+03
1.113926147460937500e+03
1.106610839843750000e+03
1.097466308593750000e+03
1.088186523437500000e+03
1.079084838867187500e+03
1.069930175781250000e+03
1.063162841796875000e+03
1.056042724609375000e+03
1.046365722656250000e+03
1.038947631835937500e+03
1.033361450195312500e+03
1.027421508789062500e+03
1.019348999023437500e+03
1.012386779785156250e+03
1.006236389160156250e+03
9.996290283203125000e+02
9.939138183593750000e+02
9.870015869140625000e+02
9.801313476562500000e+02
9.740745239257812500e+02
9.685618286132812500e+02
9.621575927734375000e+02
9.546651000976562500e+02
9.491614379882812500e+02
9.437034301757812500e+02
9.380128173828125000e+02
9.323995971679687500e+02
9.263074951171875000e+02
9.205686645507812500e+02
9.152748413085937500e+02
9.100302734375000000e+02
9.035875854492187500e+02
8.974194335937500000e+02
8.924038085937500000e+02
8.869304199218750000e+02
8.810850219726562500e+02
8.752628173828125000e+02
8.698709716796875000e+02
8.645548095703125000e+02
8.599126586914062500e+02
8.547706909179687500e+02
8.489226074218750000e+02
8.437630004882812500e+02
8.393386840820312500e+02
8.343153076171875000e+02
8.280210571289062500e+02
8.231871948242187500e+02
8.182381591796875000e+02
8.134976806640625000e+02
8.083147583007812500e+02
8.030364990234375000e+02
7.980492553710937500e+02
7.936899414062500000e+02
7.895243530273437500e+02
7.844096069335937500e+02
7.792358398437500000e+02
7.751372680664062500e+02
7.707408447265625000e+02
7.661092529296875000e+02
7.609841918945312500e+02
7.563419799804687500e+02
7.518925781250000000e+02
7.480671386718750000e+02
7.430681762695312500e+02
7.385191040039062500e+02
7.346654052734375000e+02
7.312850952148437500e+02
7.274343872070312500e+02
7.241975708007812500e+02
7.214637451171875000e+02
7.180974121093750000e+02
7.150671386718750000e+02
7.112819213867187500e+02
7.053436889648437500e+02
7.004949340820312500e+02
6.966380615234375000e+02
6.928898315429687500e+02
6.877915649414062500e+02
6.831986083984375000e+02
6.792280273437500000e+02
6.753842773437500000e+02
6.710703125000000000e+02
6.668689575195312500e+02
6.629956054687500000e+02
6.598325195312500000e+02
6.564384765625000000e+02
6.525222778320312500e+02
6.485023803710937500e+02
6.452937622070312500e+02
6.421088256835937500e+02
6.381350708007812500e+02
6.341109619140625000e+02
6.300162353515625000e+02
6.264000854492187500e+02
6.228905639648437500e+02
6.186706542968750000e+02
6.149118041992187500e+02
6.117510375976562500e+02
6.086081542968750000e+02
6.053456420898437500e+02
6.021383056640625000e+02
5.990980224609375000e+02
5.963973999023437500e+02
5.936613769531250000e+02
5.908272094726562500e+02
5.881004028320312500e+02
5.855792846679687500e+02
5.832058105468750000e+02
5.805252685546875000e+02
5.777843017578125000e+02
5.754274902343750000e+02
5.728180541992187500e+02
5.697716064453125000e+02
5.662625122070312500e+02
5.631496582031250000e+02
5.595435791015625000e+02
5.561792602539062500e+02
5.524796752929687500e+02
5.488074340820312500e+02
5.451585083007812500e+02
5.418719482421875000e+02
5.382360229492187500e+02
5.347220458984375000e+02
5.314666137695312500e+02
5.285747070312500000e+02
5.254584350585937500e+02
5.222810668945312500e+02
5.191328125000000000e+02
5.165747070312500000e+02
5.134885253906250000e+02
5.107663269042968750e+02
5.079462585449218750e+02
5.053999023437500000e+02
5.027154541015625000e+02
5.002087097167968750e+02
4.974902648925781250e+02
4.950949096679687500e+02
4.929131774902343750e+02
4.905541381835937500e+02
4.881504516601562500e+02
4.858731689453125000e+02
4.838521728515625000e+02
4.816312866210937500e+02
4.794110717773437500e+02
4.771342163085937500e+02
4.752975769042968750e+02
4.731199645996093750e+02
4.709605102539062500e+02
4.687718200683593750e+02
4.669190979003906250e+02
4.649664916992187500e+02
4.631842041015625000e+02
4.611178894042968750e+02
4.592306518554687500e+02
4.574885559082031250e+02
4.555400085449218750e+02
4.532883605957031250e+02
4.513737182617187500e+02
4.495998840332031250e+02
4.476599731445312500e+02
4.456434020996093750e+02
4.436763610839843750e+02
4.420163269042968750e+02
4.401925048828125000e+02
4.383564147949218750e+02
4.363449096679687500e+02
4.346402587890625000e+02
4.327658386230468750e+02
4.309217529296875000e+02
4.286618041992187500e+02
4.267765502929687500e+02
4.250307617187500000e+02
4.232276306152343750e+02
4.210177917480468750e+02
4.193015747070312500e+02
4.178274536132812500e+02
4.162212829589843750e+02
4.145599975585937500e+02
4.130777587890625000e+02
4.116189575195312500e+02
4.101822509765625000e+02
4.086390075683593750e+02
4.069650878906250000e+02
4.056000976562500000e+02
4.042983398437500000e+02
4.027981262207031250e+02
4.014563598632812500e+02
4.001282043457031250e+02
3.988570861816406250e+02
3.975898437500000000e+02
3.961665954589843750e+02
3.947191772460937500e+02
3.935489196777343750e+02
3.922792053222656250e+02
3.908379211425781250e+02
3.895573730468750000e+02
3.883392639160156250e+02
3.871551208496093750e+02
3.859124450683593750e+02
3.846871643066406250e+02
3.835133056640625000e+02
3.823749694824218750e+02
3.810620422363281250e+02
3.797746582031250000e+02
3.785243225097656250e+02
3.772095336914062500e+02
3.758712158203125000e+02
3.744567565917968750e+02
3.731354064941406250e+02
3.718551940917968750e+02
3.704218444824218750e+02
3.691489562988281250e+02
3.678030395507812500e+02
3.664061279296875000e+02
3.650028381347656250e+02
3.636604309082031250e+02
3.622483825683593750e+02
3.610670471191406250e+02
3.598080749511718750e+02
3.586437988281250000e+02
3.576199951171875000e+02
3.566899108886718750e+02
3.558117370605468750e+02
3.551499938964843750e+02
3.545243835449218750e+02
3.539530029296875000e+02
3.535208435058593750e+02
3.530500793457031250e+02
3.524511718750000000e+02
3.518027038574218750e+02
3.510262451171875000e+02
3.502671813964843750e+02
3.493679504394531250e+02
3.483898315429687500e+02
3.474122619628906250e+02
3.464187622070312500e+02
3.456442565917968750e+02
3.446369323730468750e+02
3.437666931152343750e+02
3.428884582519531250e+02
3.419444274902343750e+02
3.410033264160156250e+02
3.401107177734375000e+02
3.391776123046875000e+02
3.381110839843750000e+02
3.371518554687500000e+02
3.361905517578125000e+02
3.352807006835937500e+02
3.342913818359375000e+02
3.332783203125000000e+02
3.324028930664062500e+02
3.315787353515625000e+02
3.305586547851562500e+02
3.297904663085937500e+02
3.289460754394531250e+02
3.282979125976562500e+02
3.274945068359375000e+02
3.268133850097656250e+02
3.262467041015625000e+02
3.256104736328125000e+02
3.249094238281250000e+02
3.243213806152343750e+02
3.237770690917968750e+02
3.232401123046875000e+02
3.226469726562500000e+02
3.220864868164062500e+02
3.216231994628906250e+02
3.209897766113281250e+02
3.203858032226562500e+02
3.198522033691406250e+02
3.193377075195312500e+02
3.187396545410156250e+02
3.182090454101562500e+02
3.178047180175781250e+02
3.173536987304687500e+02
3.168952941894531250e+02
3.164877014160156250e+02
3.160447998046875000e+02
3.155072631835937500e+02
3.149626770019531250e+02
3.144045410156250000e+02
3.139493103027343750e+02
3.134331359863281250e+02
3.129581604003906250e+02
3.125346679687500000e+02
3.120296325683593750e+02
3.114891357421875000e+02
3.109172668457031250e+02
3.103896789550781250e+02
3.098102416992187500e+02
3.092077941894531250e+02
3.086541442871093750e+02
3.081186218261718750e+02
3.075518798828125000e+02
3.070121765136718750e+02
3.065770568847656250e+02
3.062790527343750000e+02
3.060845336914062500e+02
3.059689941406250000e+02
3.057919311523437500e+02
3.055256958007812500e+02
3.052445068359375000e+02
3.049383850097656250e+02
3.044023742675781250e+02
3.039166564941406250e+02
3.033515319824218750e+02
3.027516479492187500e+02
3.021828308105468750e+02
3.017224121093750000e+02
3.013517456054687500e+02
3.009431762695312500e+02
3.005295410156250000e+02
3.001600952148437500e+02
2.996763305664062500e+02
2.991424255371093750e+02
2.986488037109375000e+02
2.982091674804687500e+02
2.977359619140625000e+02
2.973633728027343750e+02
2.970874938964843750e+02
2.968255920410156250e+02
2.966106567382812500e+02
2.963948974609375000e+02
2.961147766113281250e+02
2.957252197265625000e+02
2.953425292968750000e+02
2.950965270996093750e+02
2.947795104980468750e+02
2.944352416992187500e+02
2.941798400878906250e+02
2.938854980468750000e+02
2.935610046386718750e+02
2.933273925781250000e+02
2.930881042480468750e+02
2.928056335449218750e+02
2.925198059082031250e+02
2.922604675292968750e+02
2.919420776367187500e+02
2.916539916992187500e+02
2.913426818847656250e+02
2.910857238769531250e+02
2.908531799316406250e+02
2.906770935058593750e+02
2.905072021484375000e+02
2.903227233886718750e+02
2.901316528320312500e+02
2.899647827148437500e+02
2.898060913085937500e+02
2.896563415527343750e+02
2.895831604003906250e+02
2.894582214355468750e+02
2.893536987304687500e+02
2.893129882812500000e+02
2.892254943847656250e+02
2.891374206542968750e+02
2.890601806640625000e+02
2.889643249511718750e+02
2.888448181152343750e+02
2.887305908203125000e+02
2.886535339355468750e+02
2.885116271972656250e+02
2.884013671875000000e+02
2.883553161621093750e+02
2.881996154785156250e+02
2.880946960449218750e+02
2.880622863769531250e+02
2.879301757812500000e+02
2.877998352050781250e+02
2.877130126953125000e+02
2.875155944824218750e+02
2.873447875976562500e+02
2.872187805175781250e+02
2.870484008789062500e+02
2.868488159179687500e+02
2.866799926757812500e+02
2.864800109863281250e+02
2.862041625976562500e+02
2.860270080566406250e+02
2.858821105957031250e+02
2.857055969238281250e+02
2.856306457519531250e+02
2.856221618652343750e+02
2.855288391113281250e+02
2.854703063964843750e+02
2.854749145507812500e+02
2.853854064941406250e+02
2.853476562500000000e+02
2.853633422851562500e+02
2.853328247070312500e+02
2.853536682128906250e+02
2.854170532226562500e+02
2.853982849121093750e+02
2.854313049316406250e+02
2.854758605957031250e+02
2.854972229003906250e+02
2.855774536132812500e+02
2.856572570800781250e+02
2.857070922851562500e+02
2.857909240722656250e+02
2.858653259277343750e+02
2.859525756835937500e+02
2.860949096679687500e+02
2.861703186035156250e+02
2.861727294921875000e+02
2.862418212890625000e+02
2.861815185546875000e+02
2.861286315917968750e+02
2.862029724121093750e+02
2.861779785156250000e+02
2.862030944824218750e+02
2.862910156250000000e+02
2.862105712890625000e+02
2.861893615722656250e+02
2.861461791992187500e+02
2.859448242187500000e+02
2.858635559082031250e+02
2.858349914550781250e+02
2.857007141113281250e+02
2.857098999023437500e+02
2.857143859863281250e+02
2.856707153320312500e+02
2.858176879882812500e+02
2.858812866210937500e+02
2.859287414550781250e+02
2.860962829589843750e+02
2.861329040527343750e+02
2.861887207031250000e+02
2.863722839355468750e+02
2.864125061035156250e+02
2.865209655761718750e+02
2.866281127929687500e+02
2.866648864746093750e+02
2.868323669433593750e+02
2.869307556152343750e+02
2.869861450195312500e+02
2.871748046875000000e+02
2.872275085449218750e+02
2.873436584472656250e+02
2.874907226562500000e+02
2.875390014648437500e+02
2.876975402832031250e+02
2.877825622558593750e+02
2.878574829101562500e+02
2.880548400878906250e+02
2.881717529296875000e+02
2.883416748046875000e+02
2.885391845703125000e+02
2.886275329589843750e+02
2.888146972656250000e+02
2.889230346679687500e+02
2.890827026367187500e+02
2.893407287597656250e+02
2.895613098144531250e+02
2.899400329589843750e+02
2.902328796386718750e+02
2.905347290039062500e+02
2.908776550292968750e+02
2.910870056152343750e+02
2.912577209472656250e+02
2.914016113281250000e+02
2.913749694824218750e+02
2.915679626464843750e+02
2.916383056640625000e+02
2.918095703125000000e+02
2.919696350097656250e+02
2.920331420898437500e+02
2.921917419433593750e+02
2.922448425292968750e+02
2.924005432128906250e+02
2.927070312500000000e+02
2.930639648437500000e+02
2.935612487792968750e+02
2.940155944824218750e+02
2.944233398437500000e+02
2.947645568847656250e+02
2.948635864257812500e+02
2.949902648925781250e+02
2.949827270507812500e+02
2.950252990722656250e+02
2.951433715820312500e+02
2.952134704589843750e+02
2.954151916503906250e+02
2.954488525390625000e+02
2.955398254394531250e+02
2.955742797851562500e+02
2.956143493652343750e+02
2.957757568359375000e+02
2.958470764160156250e+02
2.959978637695312500e+02
2.960858459472656250e+02
2.962409362792968750e+02
2.963880615234375000e+02
2.964996948242187500e+02
2.966969909667968750e+02
2.968290100097656250e+02
2.969943542480468750e+02
2.971652221679687500e+02
2.973370971679687500e+02
2.975483703613281250e+02
2.977602844238281250e+02
2.980506591796875000e+02
2.982731628417968750e+02
2.985685424804687500e+02
2.988615417480468750e+02
2.991276245117187500e+02
2.994218139648437500e+02
2.996843872070312500e+02
3.000036315917968750e+02
3.002707214355468750e+02
3.005389709472656250e+02
3.008072204589843750e+02
3.010658264160156250e+02
3.013964843750000000e+02
3.016386108398437500e+02
3.019401245117187500e+02
3.021340026855468750e+02
3.024311523437500000e+02
3.026569824218750000e+02
3.028977355957031250e+02
3.031523437500000000e+02
3.034122009277343750e+02
3.037100219726562500e+02
3.039469909667968750e+02
3.042166442871093750e+02
3.044371948242187500e+02
3.047540283203125000e+02
3.049718933105468750e+02
3.053007812500000000e+02
3.055379943847656250e+02
3.058231811523437500e+02
3.059877929687500000e+02
3.061789855957031250e+02
3.062301330566406250e+02
3.063005065917968750e+02
3.063798828125000000e+02
3.066105041503906250e+02
3.069721374511718750e+02
3.073888244628906250e+02
3.078299865722656250e+02
3.082060852050781250e+02
3.086331481933593750e+02
3.088162841796875000e+02
3.091155090332031250e+02
3.092710266113281250e+02
3.095573425292968750e+02
3.096277770996093750e+02
3.098264465332031250e+02
3.099265136718750000e+02
3.101445617675781250e+02
3.102344055175781250e+02
3.105027770996093750e+02
3.106775512695312500e+02
3.109846801757812500e+02
3.111683654785156250e+02
3.115007629394531250e+02
3.117190551757812500e+02
3.120495300292968750e+02
3.122384338378906250e+02
3.124841613769531250e+02
3.126703796386718750e+02
3.129943542480468750e+02
3.132808532714843750e+02
3.136084594726562500e+02
3.138537597656250000e+02
3.140646667480468750e+02
3.142969970703125000e+02
3.145388183593750000e+02
3.148733825683593750e+02
3.151162719726562500e+02
3.154335937500000000e+02
3.156205139160156250e+02
3.158533630371093750e+02
3.160051269531250000e+02
3.162545471191406250e+02
3.164196166992187500e+02
3.166560974121093750e+02
3.167948913574218750e+02
3.169836120605468750e+02
3.171178588867187500e+02
3.173542175292968750e+02
3.175818481445312500e+02
3.178913879394531250e+02
3.182394714355468750e+02
3.185969238281250000e+02
3.190549316406250000e+02
3.193754882812500000e+02
3.196580505371093750e+02
3.197726135253906250e+02
3.199081726074218750e+02
3.198913269042968750e+02
3.199335632324218750e+02
3.199363403320312500e+02
3.199038085937500000e+02
3.199037780761718750e+02
3.197678222656250000e+02
3.197482910156250000e+02
3.197470092773437500e+02
3.197673034667968750e+02
3.197424926757812500e+02
3.196738891601562500e+02
3.197177429199218750e+02
3.196993103027343750e+02
3.197417602539062500e+02
3.198136596679687500e+02
3.197770996093750000e+02
3.198758850097656250e+02
3.199244079589843750e+02
3.199117736816406250e+02
3.199530944824218750e+02
3.199486694335937500e+02
3.200197143554687500e+02
3.199701538085937500e+02
3.199085388183593750e+02
3.198395080566406250e+02
3.196580810546875000e+02
3.195483398437500000e+02
3.193783264160156250e+02
3.192137451171875000e+02
3.192217712402343750e+02
3.191918640136718750e+02
3.191365051269531250e+02
3.190700683593750000e+02
3.189763183593750000e+02
3.189542846679687500e+02
3.189892272949218750e+02
3.189516601562500000e+02
3.189282836914062500e+02
3.188599853515625000e+02
3.188114929199218750e+02
3.188070983886718750e+02
3.187526550292968750e+02
3.187233886718750000e+02
3.187474365234375000e+02
3.187458496093750000e+02
3.186791381835937500e+02
3.185899658203125000e+02
3.185666809082031250e+02
3.185258789062500000e+02
3.185022888183593750e+02
3.184975280761718750e+02
3.184790954589843750e+02
3.184555358886718750e+02
3.183825683593750000e+02
3.183616027832031250e+02
3.183116149902343750e+02
3.182405700683593750e+02
3.181665954589843750e+02
3.181326599121093750e+02
3.180684204101562500e+02
3.180172119140625000e+02
3.180272216796875000e+02
3.178573913574218750e+02
3.177708435058593750e+02
3.178406982421875000e+02
3.178580322265625000e+02
3.176866760253906250e+02
3.175966796875000000e+02
3.176928405761718750e+02
3.176983642578125000e+02
3.176925964355468750e+02
3.176811218261718750e+02
3.176467895507812500e+02
3.174862670898437500e+02
3.173703002929687500e+02
3.172731933593750000e+02
3.171098022460937500e+02
3.169198608398437500e+02
3.168363647460937500e+02
3.167434692382812500e+02
3.166340942382812500e+02
3.166090698242187500e+02
3.164921875000000000e+02
3.164465332031250000e+02
3.164686584472656250e+02
3.163932800292968750e+02
3.162006835937500000e+02
3.161095275878906250e+02
3.161274719238281250e+02
3.160631103515625000e+02
3.160420532226562500e+02
3.160058898925781250e+02
3.159173583984375000e+02
3.158610839843750000e+02
3.157758789062500000e+02
3.157538146972656250e+02
3.156802368164062500e+02
3.155962219238281250e+02
3.154207763671875000e+02
3.153422851562500000e+02
3.152886047363281250e+02
3.152032165527343750e+02
3.151958618164062500e+02
3.152461853027343750e+02
3.151664123535156250e+02
3.151886596679687500e+02
3.153812561035156250e+02
3.153124694824218750e+02
3.151514892578125000e+02
3.151414794921875000e+02
3.153240356445312500e+02
3.153695373535156250e+02
3.152753601074218750e+02
3.155778198242187500e+02
3.157596740722656250e+02
3.151964721679687500e+02
3.147129516601562500e+02
3.143074645996093750e+02
3.140031738281250000e+02
3.138310546875000000e+02
3.136873168945312500e+02
3.136189880371093750e+02
3.134591064453125000e+02
3.133918457031250000e+02
3.135327148437500000e+02
3.136535949707031250e+02
3.136026611328125000e+02
3.137157592773437500e+02
3.140440063476562500e+02
3.145171813964843750e+02
3.137685546875000000e+02
3.134378356933593750e+02
3.131873779296875000e+02
3.131053466796875000e+02
3.130646972656250000e+02
3.129162597656250000e+02
3.128771362304687500e+02
3.129458618164062500e+02
3.127737121582031250e+02
3.126505126953125000e+02
3.125755920410156250e+02
3.125875854492187500e+02
3.125815124511718750e+02
3.125689392089843750e+02
3.127034301757812500e+02
3.125884399414062500e+02
3.125180664062500000e+02
3.125499877929687500e+02
3.124084472656250000e+02
3.124169006347656250e+02
3.123422851562500000e+02
3.122810974121093750e+02
3.120418395996093750e+02
3.118624267578125000e+02
3.118358154296875000e+02
3.115979919433593750e+02
3.114717407226562500e+02
3.115984497070312500e+02
3.115609741210937500e+02
3.114657897949218750e+02
3.114829711914062500e+02
3.113917846679687500e+02
3.113999633789062500e+02
3.114249267578125000e+02
3.114306640625000000e+02
3.113504028320312500e+02
3.113062438964843750e+02
3.113023071289062500e+02
3.113925476074218750e+02
3.114704284667968750e+02
3.113489074707031250e+02
3.113700256347656250e+02
3.113982849121093750e+02
3.113842163085937500e+02
3.116268615722656250e+02
3.115863647460937500e+02
3.116629943847656250e+02
3.117572326660156250e+02
3.118554382324218750e+02
3.118989868164062500e+02
3.119237670898437500e+02
3.119933471679687500e+02
3.116894226074218750e+02
3.114404296875000000e+02
3.114741210937500000e+02
3.115648498535156250e+02
3.115337829589843750e+02
3.114302673339843750e+02
3.116656494140625000e+02
3.114136352539062500e+02
3.114676513671875000e+02
3.113133239746093750e+02
3.111967773437500000e+02
3.111453247070312500e+02
3.110068054199218750e+02
3.108333435058593750e+02
3.109077148437500000e+02
3.107540283203125000e+02
3.105381469726562500e+02
3.106656494140625000e+02
3.103293762207031250e+02
3.102159423828125000e+02
3.102111816406250000e+02
3.103406982421875000e+02
3.104815673828125000e+02
3.104852600097656250e+02
3.104162597656250000e+02
3.105880737304687500e+02
3.104679565429687500e+02
3.104084472656250000e+02
3.106055603027343750e+02
3.106883239746093750e+02
3.107560119628906250e+02
3.108114013671875000e+02
3.106275024414062500e+02
3.108827514648437500e+02
3.111574096679687500e+02
3.113808288574218750e+02
3.117723693847656250e+02
3.121153869628906250e+02
3.119850769042968750e+02
3.121971740722656250e+02
3.123827209472656250e+02
3.122855224609375000e+02
3.125146789550781250e+02
3.126876220703125000e+02
3.129830932617187500e+02
3.130095520019531250e+02
3.132394409179687500e+02
3.134229125976562500e+02
3.133227233886718750e+02
3.136377563476562500e+02
3.149660949707031250e+02
3.204614257812500000e+02
3.242628173828125000e+02
3.265689392089843750e+02
3.288091125488281250e+02
3.308131408691406250e+02
3.321928710937500000e+02
3.342955932617187500e+02
3.359362182617187500e+02
3.368531188964843750e+02
3.382787780761718750e+02
3.398904724121093750e+02
3.419106140136718750e+02
3.431899719238281250e+02
3.443223266601562500e+02
3.458881530761718750e+02
3.476135559082031250e+02
3.491834716796875000e+02
3.502979125976562500e+02
3.504655761718750000e+02
3.400526733398437500e+02
3.374601440429687500e+02
3.370402832031250000e+02
3.349986572265625000e+02
3.335161743164062500e+02
3.320290832519531250e+02
3.303394470214843750e+02
3.295910339355468750e+02
3.278332214355468750e+02
3.258813476562500000e+02
3.250673217773437500e+02
3.245691528320312500e+02
3.240423889160156250e+02
3.236650695800781250e+02
3.231936035156250000e+02
3.226083679199218750e+02
3.221440429687500000e+02
3.215563659667968750e+02
3.211386108398437500e+02
3.208179931640625000e+02
3.210436096191406250e+02
3.205463256835937500e+02
3.200092773437500000e+02
3.200281982421875000e+02
3.200781555175781250e+02
3.200417175292968750e+02
3.202215270996093750e+02
3.202781066894531250e+02
3.201453857421875000e+02
3.203522949218750000e+02
3.204216918945312500e+02
3.213986511230468750e+02
3.218501586914062500e+02
3.223818664550781250e+02
3.223148803710937500e+02
3.229639587402343750e+02
3.240714721679687500e+02
3.248649902343750000e+02
3.257745056152343750e+02
3.272231140136718750e+02
3.284084472656250000e+02
3.293912048339843750e+02
3.306670532226562500e+02
3.313505554199218750e+02
3.328948059082031250e+02
3.350219421386718750e+02
3.365758666992187500e+02
3.385702819824218750e+02
3.406154785156250000e+02
3.432297973632812500e+02
3.468258056640625000e+02
3.498595275878906250e+02
3.530644226074218750e+02
3.562438049316406250e+02
3.609363403320312500e+02
3.666841125488281250e+02
3.725278015136718750e+02
3.793450012207031250e+02
3.868570556640625000e+02
3.975574035644531250e+02
4.103692626953125000e+02
4.266737976074218750e+02
4.474069519042968750e+02
4.741799621582031250e+02
4.952287597656250000e+02
5.048090515136718750e+02
5.052583312988281250e+02
5.068044128417968750e+02
5.058538208007812500e+02
5.060952148437500000e+02
5.042976989746093750e+02
5.046081542968750000e+02
5.079934997558593750e+02
5.109369201660156250e+02
5.096961669921875000e+02
5.150376586914062500e+02
5.064248352050781250e+02
