1.753025024414062500e+03
1.761782348632812500e+03
1.769621826171875000e+03
1.764071655273437500e+03
1.762454711914062500e+03
1.765278808593750000e+03
1.770397094726562500e+03
1.777217773437500000e+03
1.777042236328125000e+03
1.778522094726562500e+03
1.782511230468750000e+03
1.787289306640625000e+03
1.792558959960937500e+03
1.816456787109375000e+03
1.836405517578125000e+03
1.850971191406250000e+03
1.861950805664062500e+03
1.867653076171875000e+03
1.876470825195312500e+03
1.888606201171875000e+03
1.895331665039062500e+03
1.900127197265625000e+03
1.905456909179687500e+03
1.911008666992187500e+03
1.916026000976562500e+03
1.916091796875000000e+03
1.914658691406250000e+03
1.913803955078125000e+03
1.917316772460937500e+03
1.922981567382812500e+03
1.926185302734375000e+03
1.926949340820312500e+03
1.925612915039062500e+03
1.923931396484375000e+03
1.923636962890625000e+03
1.926579589843750000e+03
1.929122680664062500e+03
1.930765869140625000e+03
1.930372192382812500e+03
1.925589477539062500e+03
1.918092163085937500e+03
1.910310791015625000e+03
1.905141357421875000e+03
1.904224487304687500e+03
1.904581542968750000e+03
1.905404052734375000e+03
1.906809692382812500e+03
1.909346679687500000e+03
1.912342895507812500e+03
1.912655761718750000e+03
1.914651611328125000e+03
1.920478637695312500e+03
1.927262329101562500e+03
1.934499145507812500e+03
1.942568359375000000e+03
1.954715576171875000e+03
1.966044067382812500e+03
1.975591308593750000e+03
1.984800781250000000e+03
1.994190307617187500e+03
2.007918701171875000e+03
2.022417846679687500e+03
2.035114013671875000e+03
2.047125610351562500e+03
2.058810791015625000e+03
2.074513427734375000e+03
2.093685546875000000e+03
2.110145751953125000e+03
2.125814208984375000e+03
2.141114013671875000e+03
2.158811767578125000e+03
2.182748779296875000e+03
2.203510986328125000e+03
2.222823730468750000e+03
2.241371826171875000e+03
2.261519042968750000e+03
2.290608154296875000e+03
2.317009033203125000e+03
2.340671630859375000e+03
2.363299560546875000e+03
2.386298095703125000e+03
2.418455322265625000e+03
2.450340087890625000e+03
2.477800537109375000e+03
2.504002929687500000e+03
2.530009033203125000e+03
2.564455078125000000e+03
2.601269775390625000e+03
2.632160156250000000e+03
2.661063720703125000e+03
2.688507324218750000e+03
2.721637695312500000e+03
2.759450683593750000e+03
2.790144531250000000e+03
2.818012939453125000e+03
2.843998046875000000e+03
2.872611816406250000e+03
2.907974609375000000e+03
2.935552490234375000e+03
2.958971191406250000e+03
2.980045166015625000e+03
3.001084472656250000e+03
3.027379150390625000e+03
3.048027343750000000e+03
3.064791015625000000e+03
3.078163574218750000e+03
3.089523925781250000e+03
3.102298828125000000e+03
3.111750976562500000e+03
3.118093505859375000e+03
3.121561279296875000e+03
3.123033203125000000e+03
3.122327636718750000e+03
3.118634765625000000e+03
3.113260986328125000e+03
3.106246826171875000e+03
3.097017822265625000e+03
3.083207763671875000e+03
3.068041015625000000e+03
3.053773925781250000e+03
3.038881591796875000e+03
3.023277587890625000e+03
3.002749511718750000e+03
2.980433837890625000e+03
2.961316894531250000e+03
2.943429931640625000e+03
2.925497314453125000e+03
2.901436523437500000e+03
2.875178466796875000e+03
2.852908935546875000e+03
2.832558837890625000e+03
2.813148681640625000e+03
2.788564697265625000e+03
2.762011230468750000e+03
2.739481445312500000e+03
2.718814453125000000e+03
2.699011230468750000e+03
2.675393310546875000e+03
2.649298583984375000e+03
2.628105957031250000e+03
2.608928710937500000e+03
2.591802978515625000e+03
2.572406982421875000e+03
2.549879150390625000e+03
2.531321777343750000e+03
2.514702148437500000e+03
2.499300048828125000e+03
2.481695312500000000e+03
2.462018554687500000e+03
2.445631591796875000e+03
2.431020263671875000e+03
2.417710693359375000e+03
2.402791503906250000e+03
2.386247314453125000e+03
2.372704101562500000e+03
2.360965820312500000e+03
2.350597656250000000e+03
2.339112304687500000e+03
2.326441162109375000e+03
2.315898925781250000e+03
2.306494384765625000e+03
2.297956298828125000e+03
2.288369384765625000e+03
2.277925292968750000e+03
2.269415283203125000e+03
2.262073242187500000e+03
2.255487548828125000e+03
2.247945800781250000e+03
2.239904296875000000e+03
2.233597167968750000e+03
2.228058105468750000e+03
2.223034423828125000e+03
2.217484863281250000e+03
2.211622558593750000e+03
2.206344726562500000e+03
2.201372802734375000e+03
2.196884277343750000e+03
2.191423339843750000e+03
2.185642822265625000e+03
2.180086425781250000e+03
2.174981933593750000e+03
2.169955322265625000e+03
2.163402343750000000e+03
2.156945556640625000e+03
2.150833984375000000e+03
2.144868896484375000e+03
2.138727050781250000e+03
2.131095947265625000e+03
2.124420654296875000e+03
2.116940673828125000e+03
2.108899414062500000e+03
2.100247802734375000e+03
2.087772949218750000e+03
2.074620361328125000e+03
2.062401611328125000e+03
2.050137451171875000e+03
2.036696655273437500e+03
2.020126586914062500e+03
2.004246337890625000e+03
1.988920532226562500e+03
1.973485961914062500e+03
1.956062133789062500e+03
1.935202392578125000e+03
1.916245971679687500e+03
1.898385620117187500e+03
1.880841308593750000e+03
1.859630249023437500e+03
1.836423339843750000e+03
1.815938720703125000e+03
1.796450805664062500e+03
1.777186523437500000e+03
1.753371948242187500e+03
1.729680053710937500e+03
1.708320190429687500e+03
1.688051513671875000e+03
1.667834838867187500e+03
1.643586425781250000e+03
1.620738403320312500e+03
1.600824340820312500e+03
1.582120239257812500e+03
1.562626098632812500e+03
1.540177246093750000e+03
1.520128906250000000e+03
1.502464111328125000e+03
1.485970092773437500e+03
1.467911254882812500e+03
1.448532104492187500e+03
1.431727783203125000e+03
1.416643798828125000e+03
1.402486450195312500e+03
1.385967041015625000e+03
1.369995849609375000e+03
1.356143920898437500e+03
1.343750488281250000e+03
1.331333862304687500e+03
1.316537719726562500e+03
1.302708007812500000e+03
1.290688354492187500e+03
1.279595092773437500e+03
1.267670898437500000e+03
1.255088989257812500e+03
1.243979858398437500e+03
1.234086669921875000e+03
1.224861694335937500e+03
1.214684204101562500e+03
1.204582641601562500e+03
1.196090087890625000e+03
1.188513671875000000e+03
1.181380126953125000e+03
1.173214965820312500e+03
1.165661132812500000e+03
1.159188110351562500e+03
1.153421142578125000e+03
1.147260742187500000e+03
1.140936035156250000e+03
1.135409301757812500e+03
1.130475219726562500e+03
1.125843627929687500e+03
1.120721069335937500e+03
1.115905639648437500e+03
1.111722290039062500e+03
1.107942016601562500e+03
1.104247192382812500e+03
1.100282348632812500e+03
1.096642333984375000e+03
1.093557250976562500e+03
1.090836547851562500e+03
1.087880737304687500e+03
1.084966918945312500e+03
1.082519897460937500e+03
1.080322753906250000e+03
1.078083618164062500e+03
1.075706909179687500e+03
1.073578125000000000e+03
1.071757080078125000e+03
1.070145996093750000e+03
1.068556152343750000e+03
1.067104858398437500e+03
1.065622924804687500e+03
1.064189208984375000e+03
1.062668579101562500e+03
1.061075317382812500e+03
1.059640380859375000e+03
1.058358276367187500e+03
1.057110107421875000e+03
1.055832031250000000e+03
1.054647949218750000e+03
1.053565307617187500e+03
1.052713012695312500e+03
1.051825805664062500e+03
1.050912719726562500e+03
1.050108886718750000e+03
1.049171508789062500e+03
1.048128662109375000e+03
1.047047851562500000e+03
1.045889038085937500e+03
1.044783691406250000e+03
1.043700195312500000e+03
1.042594360351562500e+03
1.041473510742187500e+03
1.040497680664062500e+03
1.039609497070312500e+03
1.038736816406250000e+03
1.037806274414062500e+03
1.037024902343750000e+03
1.036319824218750000e+03
1.035490966796875000e+03
1.034614135742187500e+03
1.033709838867187500e+03
1.032832641601562500e+03
1.031953613281250000e+03
1.030965454101562500e+03
1.030031738281250000e+03
1.029261474609375000e+03
1.028562866210937500e+03
1.027579833984375000e+03
1.026497680664062500e+03
1.025473754882812500e+03
1.024465332031250000e+03
1.023418029785156250e+03
1.022228698730468750e+03
1.020986022949218750e+03
1.019873779296875000e+03
1.018763366699218750e+03
1.017483703613281250e+03
1.016117919921875000e+03
1.014863342285156250e+03
1.013843261718750000e+03
1.012602722167968750e+03
1.011155029296875000e+03
1.009706909179687500e+03
1.008323547363281250e+03
1.006846740722656250e+03
1.005138305664062500e+03
1.003300048828125000e+03
1.001592651367187500e+03
9.998764038085937500e+02
9.979246215820312500e+02
9.959694824218750000e+02
9.940548095703125000e+02
9.922552490234375000e+02
9.902486572265625000e+02
9.880286865234375000e+02
9.858566894531250000e+02
9.837802734375000000e+02
9.816142578125000000e+02
9.792785644531250000e+02
9.770219726562500000e+02
9.749415283203125000e+02
9.728103637695312500e+02
9.707698974609375000e+02
9.688171997070312500e+02
9.670628662109375000e+02
9.653462524414062500e+02
9.635618896484375000e+02
9.618068237304687500e+02
9.601918945312500000e+02
9.583711547851562500e+02
9.563554077148437500e+02
9.541162719726562500e+02
9.518795776367187500e+02
9.495344238281250000e+02
9.470786743164062500e+02
9.444501953125000000e+02
9.419154052734375000e+02
9.394624023437500000e+02
9.370671386718750000e+02
9.344490966796875000e+02
9.320074462890625000e+02
9.295125732421875000e+02
9.268915405273437500e+02
9.242474975585937500e+02
9.217971801757812500e+02
9.191134643554687500e+02
9.163579101562500000e+02
9.136326904296875000e+02
9.110466308593750000e+02
9.083605957031250000e+02
9.055998535156250000e+02
9.027045898437500000e+02
8.999031372070312500e+02
8.970234985351562500e+02
8.942530517578125000e+02
8.914694824218750000e+02
8.888017578125000000e+02
8.860397338867187500e+02
8.832413330078125000e+02
8.805349731445312500e+02
8.780123901367187500e+02
8.754376220703125000e+02
8.727723388671875000e+02
8.700362548828125000e+02
8.675125732421875000e+02
8.649697265625000000e+02
8.623569946289062500e+02
8.598725585937500000e+02
8.574874877929687500e+02
8.550039672851562500e+02
8.524671630859375000e+02
8.498955688476562500e+02
8.474028320312500000e+02
8.449595947265625000e+02
8.424727783203125000e+02
8.401074829101562500e+02
8.378136596679687500e+02
8.355874633789062500e+02
8.332775878906250000e+02
8.310981445312500000e+02
8.289929199218750000e+02
8.267063598632812500e+02
8.243574829101562500e+02
8.221010742187500000e+02
8.197407836914062500e+02
8.174682617187500000e+02
8.152962646484375000e+02
8.132490234375000000e+02
8.112499389648437500e+02
8.091744384765625000e+02
8.070186157226562500e+02
8.048826293945312500e+02
8.028426513671875000e+02
8.007020874023437500e+02
7.986624755859375000e+02
7.966707153320312500e+02
7.947558593750000000e+02
7.928327026367187500e+02
7.909237060546875000e+02
7.890736694335937500e+02
7.873362426757812500e+02
7.857976684570312500e+02
7.843712158203125000e+02
7.831090087890625000e+02
7.816870117187500000e+02
7.801870727539062500e+02
7.786587524414062500e+02
7.771495971679687500e+02
7.754498291015625000e+02
7.737298583984375000e+02
7.721227416992187500e+02
7.706075439453125000e+02
7.690968627929687500e+02
7.678068847656250000e+02
7.665455322265625000e+02
7.653190917968750000e+02
7.642623901367187500e+02
7.633037719726562500e+02
7.623169555664062500e+02
7.613092041015625000e+02
7.602280273437500000e+02
7.592747802734375000e+02
7.583414306640625000e+02
7.574944458007812500e+02
7.566802368164062500e+02
7.559156494140625000e+02
7.553395996093750000e+02
7.547335205078125000e+02
7.540987548828125000e+02
7.533065185546875000e+02
7.524983520507812500e+02
7.518285522460937500e+02
7.512186279296875000e+02
7.506926269531250000e+02
7.502742919921875000e+02
7.498754882812500000e+02
7.495326538085937500e+02
7.491906127929687500e+02
7.489739990234375000e+02
7.487104492187500000e+02
7.484013061523437500e+02
7.481175537109375000e+02
7.478701171875000000e+02
7.476469726562500000e+02
7.474358520507812500e+02
7.472030639648437500e+02
7.469745483398437500e+02
7.468397827148437500e+02
7.467828369140625000e+02
7.467483520507812500e+02
7.467045288085937500e+02
7.466816406250000000e+02
7.466667480468750000e+02
7.466995849609375000e+02
7.468283081054687500e+02
7.470383300781250000e+02
7.472253417968750000e+02
7.473628540039062500e+02
7.475424804687500000e+02
7.477858886718750000e+02
7.480610351562500000e+02
7.483143920898437500e+02
7.485566406250000000e+02
7.488274536132812500e+02
7.490991210937500000e+02
7.493389282226562500e+02
7.496070556640625000e+02
7.499235839843750000e+02
7.502364501953125000e+02
7.505105590820312500e+02
7.507819213867187500e+02
7.510886840820312500e+02
7.514136962890625000e+02
7.516926879882812500e+02
7.519359130859375000e+02
7.521458740234375000e+02
7.524011840820312500e+02
7.526924438476562500e+02
7.528848876953125000e+02
7.531646118164062500e+02
7.534849853515625000e+02
7.537120361328125000e+02
7.539623413085937500e+02
7.541594238281250000e+02
7.543524780273437500e+02
7.544959106445312500e+02
7.546668701171875000e+02
7.549293212890625000e+02
7.552284545898437500e+02
7.554956665039062500e+02
7.557868652343750000e+02
7.560549926757812500e+02
7.563014526367187500e+02
7.565750122070312500e+02
7.568754882812500000e+02
7.571519775390625000e+02
7.574416503906250000e+02
7.577415161132812500e+02
7.580508422851562500e+02
7.584136352539062500e+02
7.587700195312500000e+02
7.590833740234375000e+02
7.594077148437500000e+02
7.597951660156250000e+02
7.601743164062500000e+02
7.603701171875000000e+02
7.606152343750000000e+02
7.609678955078125000e+02
7.613405761718750000e+02
7.616667480468750000e+02
7.619912109375000000e+02
7.621923828125000000e+02
7.623522338867187500e+02
7.624372558593750000e+02
7.624741210937500000e+02
7.626729125976562500e+02
7.628548583984375000e+02
7.630184326171875000e+02
7.631300048828125000e+02
7.632540893554687500e+02
7.633262939453125000e+02
7.633107299804687500e+02
7.632832031250000000e+02
7.631972656250000000e+02
7.632186279296875000e+02
7.633026733398437500e+02
7.632974853515625000e+02
7.632454223632812500e+02
7.632566528320312500e+02
7.632691650390625000e+02
7.633162231445312500e+02
7.633938598632812500e+02
7.635223999023437500e+02
7.636372680664062500e+02
7.636535034179687500e+02
7.637844848632812500e+02
7.638942871093750000e+02
7.638889770507812500e+02
7.637979736328125000e+02
7.636643676757812500e+02
7.636253051757812500e+02
7.636409912109375000e+02
7.636849975585937500e+02
7.636701049804687500e+02
7.635968017578125000e+02
7.634805908203125000e+02
7.634318237304687500e+02
7.633879394531250000e+02
7.634071044921875000e+02
7.633300170898437500e+02
7.632282714843750000e+02
7.631618652343750000e+02
7.630949707031250000e+02
7.630353393554687500e+02
7.629813842773437500e+02
7.629972534179687500e+02
7.629907226562500000e+02
7.629799804687500000e+02
7.628795166015625000e+02
7.628364868164062500e+02
7.628614501953125000e+02
7.629191894531250000e+02
7.629551391601562500e+02
7.629210205078125000e+02
7.628754272460937500e+02
7.629119873046875000e+02
7.629268188476562500e+02
7.627982788085937500e+02
7.625787353515625000e+02
7.623339843750000000e+02
7.621713256835937500e+02
7.621261596679687500e+02
7.621507568359375000e+02
7.621929931640625000e+02
7.622882080078125000e+02
7.623269653320312500e+02
7.622971801757812500e+02
7.622848510742187500e+02
7.624463500976562500e+02
7.627368164062500000e+02
7.630664672851562500e+02
7.633146362304687500e+02
7.634963989257812500e+02
7.635042114257812500e+02
7.634046630859375000e+02
7.632198486328125000e+02
7.629449462890625000e+02
7.627503662109375000e+02
7.627238769531250000e+02
7.627742309570312500e+02
7.628122558593750000e+02
7.628494873046875000e+02
7.628672485351562500e+02
7.628748779296875000e+02
7.628339843750000000e+02
7.628388061523437500e+02
7.629121093750000000e+02
7.630088500976562500e+02
7.631057128906250000e+02
7.631338500976562500e+02
7.631761474609375000e+02
7.632710571289062500e+02
7.634880371093750000e+02
7.636170043945312500e+02
7.637998657226562500e+02
7.639662475585937500e+02
7.640625000000000000e+02
7.642173461914062500e+02
7.644482421875000000e+02
7.646560058593750000e+02
7.649800415039062500e+02
7.653978271484375000e+02
7.657150268554687500e+02
7.660621337890625000e+02
7.664603271484375000e+02
7.668017578125000000e+02
7.671470336914062500e+02
7.675250244140625000e+02
7.678591308593750000e+02
7.682757568359375000e+02
7.686790161132812500e+02
7.690881347656250000e+02
7.695378417968750000e+02
7.700310058593750000e+02
7.704410400390625000e+02
7.707963256835937500e+02
7.711802368164062500e+02
7.716240234375000000e+02
7.721244506835937500e+02
7.726833496093750000e+02
7.731651000976562500e+02
7.735982055664062500e+02
7.740880737304687500e+02
7.747149658203125000e+02
7.752888183593750000e+02
7.757574462890625000e+02
7.762650146484375000e+02
7.767413330078125000e+02
7.772689208984375000e+02
7.778334960937500000e+02
7.782650146484375000e+02
7.785944213867187500e+02
7.788881225585937500e+02
7.792863159179687500e+02
7.799214477539062500e+02
7.806295776367187500e+02
7.813693847656250000e+02
7.821632080078125000e+02
7.829028930664062500e+02
7.836093750000000000e+02
7.841378784179687500e+02
7.846597900390625000e+02
7.852313232421875000e+02
7.857424926757812500e+02
7.862194824218750000e+02
7.868772583007812500e+02
7.876013183593750000e+02
7.883355712890625000e+02
7.889831542968750000e+02
7.895900268554687500e+02
7.901915893554687500e+02
7.907679443359375000e+02
7.914504394531250000e+02
7.922575683593750000e+02
7.930006713867187500e+02
7.937201538085937500e+02
7.945032958984375000e+02
7.952457885742187500e+02
7.958964843750000000e+02
7.967171630859375000e+02
7.975198364257812500e+02
7.983042602539062500e+02
7.990029296875000000e+02
7.998121337890625000e+02
8.006135253906250000e+02
8.013416748046875000e+02
8.021481933593750000e+02
8.029473876953125000e+02
8.036708374023437500e+02
8.044053955078125000e+02
8.052138061523437500e+02
8.058666992187500000e+02
8.065293579101562500e+02
8.071686401367187500e+02
8.079344482421875000e+02
8.087402954101562500e+02
8.094829101562500000e+02
8.102467651367187500e+02
8.109829101562500000e+02
8.118818969726562500e+02
8.127915649414062500e+02
8.136801757812500000e+02
8.146254882812500000e+02
8.154638671875000000e+02
8.161610107421875000e+02
8.167359008789062500e+02
8.171934814453125000e+02
8.176530761718750000e+02
8.182191162109375000e+02
8.188419799804687500e+02
8.194920043945312500e+02
8.201881713867187500e+02
8.206829223632812500e+02
8.212877197265625000e+02
8.218828735351562500e+02
8.224928588867187500e+02
8.229190063476562500e+02
8.234150390625000000e+02
8.239176635742187500e+02
8.244855346679687500e+02
8.250748291015625000e+02
8.256664428710937500e+02
8.263228149414062500e+02
8.269323120117187500e+02
8.274559326171875000e+02
8.279098510742187500e+02
8.284731445312500000e+02
8.289011840820312500e+02
8.292898559570312500e+02
8.298411254882812500e+02
8.302569580078125000e+02
8.305229492187500000e+02
8.308206176757812500e+02
8.310148925781250000e+02
8.314761962890625000e+02
8.319116210937500000e+02
8.322905883789062500e+02
8.328540649414062500e+02
8.333040771484375000e+02
8.336738281250000000e+02
8.341931152343750000e+02
8.346723022460937500e+02
8.351629028320312500e+02
8.355288696289062500e+02
8.360292358398437500e+02
8.364992065429687500e+02
8.368296508789062500e+02
8.372533569335937500e+02
8.376391601562500000e+02
8.380061035156250000e+02
8.383787231445312500e+02
8.388407592773437500e+02
8.391858520507812500e+02
8.396137084960937500e+02
8.401301269531250000e+02
8.406057128906250000e+02
8.409689331054687500e+02
8.413673095703125000e+02
8.418510131835937500e+02
8.422544555664062500e+02
8.424382934570312500e+02
8.426651000976562500e+02
8.430646362304687500e+02
8.437031860351562500e+02
8.441474609375000000e+02
8.443325805664062500e+02
8.446150512695312500e+02
8.450435791015625000e+02
8.454997558593750000e+02
8.457869873046875000e+02
8.461212158203125000e+02
8.466310424804687500e+02
8.470614013671875000e+02
8.473558349609375000e+02
8.478485107421875000e+02
8.481648559570312500e+02
8.484177856445312500e+02
8.485783691406250000e+02
8.487186279296875000e+02
8.490220947265625000e+02
8.493261108398437500e+02
8.494732055664062500e+02
8.496939086914062500e+02
8.502437744140625000e+02
8.506101074218750000e+02
8.509018554687500000e+02
8.512528076171875000e+02
8.515911254882812500e+02
8.518126220703125000e+02
8.521670532226562500e+02
8.526206054687500000e+02
8.531720581054687500e+02
8.537012329101562500e+02
8.541286621093750000e+02
8.543134155273437500e+02
8.546295776367187500e+02
8.549910888671875000e+02
8.553073120117187500e+02
8.556254882812500000e+02
8.557958374023437500e+02
8.561353149414062500e+02
8.565921020507812500e+02
8.569701538085937500e+02
8.572508544921875000e+02
8.578261108398437500e+02
8.582544555664062500e+02
8.587935791015625000e+02
8.594216308593750000e+02
8.596975708007812500e+02
8.601337280273437500e+02
8.606086425781250000e+02
8.613348999023437500e+02
8.615684814453125000e+02
8.621781616210937500e+02
8.628734130859375000e+02
8.629078979492187500e+02
8.628359985351562500e+02
8.630068359375000000e+02
8.632031250000000000e+02
8.636910400390625000e+02
8.639826049804687500e+02
8.643629150390625000e+02
8.649816894531250000e+02
8.658843383789062500e+02
8.662540893554687500e+02
8.665637207031250000e+02
8.673295898437500000e+02
8.680015258789062500e+02
8.690093383789062500e+02
8.689499511718750000e+02
8.690850830078125000e+02
8.696226196289062500e+02
8.702871093750000000e+02
8.707057495117187500e+02
8.711282958984375000e+02
8.716583862304687500e+02
8.722009277343750000e+02
8.728469238281250000e+02
8.735386962890625000e+02
8.740392456054687500e+02
8.744528198242187500e+02
8.748556518554687500e+02
8.756641235351562500e+02
8.764177856445312500e+02
8.767913818359375000e+02
8.772661743164062500e+02
8.777644042968750000e+02
8.784525146484375000e+02
8.788654785156250000e+02
8.792975463867187500e+02
8.797307128906250000e+02
8.799677124023437500e+02
8.804291381835937500e+02
8.808843383789062500e+02
8.817966308593750000e+02
8.823744506835937500e+02
8.827421264648437500e+02
8.834100952148437500e+02
8.839394531250000000e+02
8.845928955078125000e+02
8.850131225585937500e+02
8.856345214843750000e+02
8.863030395507812500e+02
8.869655151367187500e+02
8.875266723632812500e+02
8.879754028320312500e+02
8.885485229492187500e+02
8.892479858398437500e+02
8.898197021484375000e+02
8.907536621093750000e+02
8.914373779296875000e+02
8.919285888671875000e+02
8.928222656250000000e+02
8.934680786132812500e+02
8.942113647460937500e+02
8.947401733398437500e+02
8.952077026367187500e+02
8.957714843750000000e+02
8.961293334960937500e+02
8.964213867187500000e+02
8.970269165039062500e+02
8.976699218750000000e+02
8.983195800781250000e+02
8.990370483398437500e+02
8.995590820312500000e+02
8.998480834960937500e+02
9.001654052734375000e+02
9.006666870117187500e+02
9.008473510742187500e+02
9.013342285156250000e+02
9.019302978515625000e+02
9.022488403320312500e+02
9.027764892578125000e+02
9.032354736328125000e+02
9.036492919921875000e+02
9.042080078125000000e+02
9.048237915039062500e+02
9.054578857421875000e+02
9.060922241210937500e+02
9.065716552734375000e+02
9.069233398437500000e+02
9.076833496093750000e+02
9.082699584960937500e+02
9.087763671875000000e+02
9.093424072265625000e+02
9.096520385742187500e+02
9.104108276367187500e+02
9.112281494140625000e+02
9.117900390625000000e+02
9.125335083007812500e+02
9.131484375000000000e+02
9.134973144531250000e+02
9.140897827148437500e+02
9.147364501953125000e+02
9.153474121093750000e+02
9.158353881835937500e+02
9.164580078125000000e+02
9.170845336914062500e+02
9.175228881835937500e+02
9.182220458984375000e+02
9.183693237304687500e+02
9.184879150390625000e+02
9.193408813476562500e+02
9.210817871093750000e+02
9.224538574218750000e+02
9.229769897460937500e+02
9.239918212890625000e+02
9.244689331054687500e+02
9.254841308593750000e+02
9.259873046875000000e+02
9.263858642578125000e+02
9.272501831054687500e+02
9.287602539062500000e+02
9.297281494140625000e+02
9.303975830078125000e+02
9.315276489257812500e+02
9.330026245117187500e+02
9.342004394531250000e+02
9.354041137695312500e+02
9.344122924804687500e+02
9.365402221679687500e+02
9.414022216796875000e+02
9.430291137695312500e+02
9.444102783203125000e+02
9.451499633789062500e+02
9.455549926757812500e+02
9.454296875000000000e+02
9.445568237304687500e+02
9.443300170898437500e+02
9.448998413085937500e+02
9.449014282226562500e+02
9.455615234375000000e+02
9.467745971679687500e+02
9.471442871093750000e+02
9.470413818359375000e+02
9.471142578125000000e+02
9.474271850585937500e+02
9.485144042968750000e+02
9.491911621093750000e+02
9.492644042968750000e+02
9.495466918945312500e+02
9.562931518554687500e+02
9.513331909179687500e+02
9.514925537109375000e+02
9.513845214843750000e+02
9.525316772460937500e+02
9.539288330078125000e+02
9.554370727539062500e+02
9.568319091796875000e+02
9.576107788085937500e+02
9.588263549804687500e+02
9.606577148437500000e+02
9.623461303710937500e+02
9.640289916992187500e+02
9.664196166992187500e+02
9.678280029296875000e+02
9.694675292968750000e+02
9.718472900390625000e+02
9.747546386718750000e+02
9.766585693359375000e+02
9.796044921875000000e+02
9.823225097656250000e+02
9.873800659179687500e+02
9.917448120117187500e+02
9.955524291992187500e+02
9.993758544921875000e+02
1.003633544921875000e+03
1.009783081054687500e+03
1.018185852050781250e+03
1.027008178710937500e+03
1.035480346679687500e+03
1.049371582031250000e+03
1.066527709960937500e+03
1.086683837890625000e+03
1.121835571289062500e+03
1.151882324218750000e+03
1.159689697265625000e+03
1.163943481445312500e+03
1.167024047851562500e+03
1.163906250000000000e+03
1.161182373046875000e+03
1.160782836914062500e+03
1.165461425781250000e+03
1.165717773437500000e+03
1.168683959960937500e+03
1.171426879882812500e+03
